##TITLE= Parameter file, TopSpin 3.6.2
##JCAMPDX= 5.0
##DATATYPE= Parameter Values
##NPOINTS= 1	$$ modification sequence number
##ORIGIN= Bruker BioSpin GmbH
##OWNER= NMR Superuser
$$ 2026-05-07 17:36:08.751 +0100  NMR Superuser@CZC4030R51
$$ C:/Data/2026/va/rc/exp_dataset/run_4/nmrsu/(212)/3/pdata/1/clevels
$$ process C:\Bruker\TopSpin3.6.2\prog\mod\xwish3.exe
##$LEVELS= (0..255)
-324548.809946174 -180304.894414541 -100169.385785856 -55649.65876992 -30916.4770944
-17175.820608 -9542.12256 -5301.1792 5301.1792 9542.12256 17175.820608
30916.4770944 55649.65876992 100169.385785856 180304.894414541 324548.809946174
0 0 0 0 0 0 0 0 0 0 0 0 0 0 0 0 0 0 0 0 0 0 0 0 0 0 0 0 0 0 0 0 0 0 0 0
0 0 0 0 0 0 0 0 0 0 0 0 0 0 0 0 0 0 0 0 0 0 0 0 0 0 0 0 0 0 0 0 0 0 0 0
0 0 0 0 0 0 0 0 0 0 0 0 0 0 0 0 0 0 0 0 0 0 0 0 0 0 0 0 0 0 0 0 0 0 0 0
0 0 0 0 0 0 0 0 0 0 0 0 0 0 0 0 0 0 0 0 0 0 0 0 0 0 0 0 0 0 0 0 0 0 0 0
0 0 0 0 0 0 0 0 0 0 0 0 0 0 0 0 0 0 0 0 0 0 0 0 0 0 0 0 0 0 0 0 0 0 0 0
0 0 0 0 0 0 0 0 0 0 0 0 0 0 0 0 0 0 0 0 0 0 0 0 0 0 0 0 0 0 0 0 0 0 0 0
0 0 0 0 0 0 0 0 0 0 0 0 0 0 0 0 0 0 0 0 0 0 0 0
##$LEVSIGN= 3
##$MAXLEV= 8
##$METHOD= 0
##$NEGBASE= -5301.1792
##$NEGINCR= 1.8
##$POSBASE= 5301.1792
##$POSINCR= 1.8
##END=
