P 0
163.638027   163.362591
134.174621   133.903297
131.222937   130.910502
129.220888   128.949564
128.612463   128.308251
128.172588   127.416168
121.932118   121.475799
120.365834   119.987624
118.515892   117.784138
112.735852   112.357642
108.809865   108.517985
77.586959   76.740097
62.039227   61.640461
56.049526   55.560319
51.778216   51.338341
45.171869   44.785437
38.035205   37.574775
29.036266   28.353843
27.564535   27.178102
20.736194   20.251098
16.789652   16.263446
14.602609   14.117514
9.061006   8.674574
