##TITLE= Parameter file, TopSpin 4.1.3
##JCAMPDX= 5.0
##DATATYPE= Parameter Values
##NPOINTS= 2	$$ modification sequence number
##ORIGIN= Bruker BioSpin GmbH
##OWNER= nmrsu
$$ 2026-05-12 15:09:34.556 +0100  nmrsu@CZC1087C56
$$ D:/data/2026/va/rc/exp_dataset/run_1/53848-17-2 (10221)/12/pdata/1/clevels
$$ process C:\Bruker\TopSpin4.1.3\prog\mod\proc2d.exe
##$LEVELS= (0..255)
82949685 90655750.38 99077712.93 108282079.82 118341536.8 129335522.13
141350853.97 154482415.87 168833906.15 184518656.73 201660528.15 220394887.61
240869678.02 263246586.25 287702319.95 314430002.99 0 0 0 0 0 0 0 0 0 0
0 0 0 0 0 0 0 0 0 0 0 0 0 0 0 0 0 0 0 0 0 0 0 0 0 0 0 0 0 0 0 0 0 0 0 0
0 0 0 0 0 0 0 0 0 0 0 0 0 0 0 0 0 0 0 0 0 0 0 0 0 0 0 0 0 0 0 0 0 0 0 0
0 0 0 0 0 0 0 0 0 0 0 0 0 0 0 0 0 0 0 0 0 0 0 0 0 0 0 0 0 0 0 0 0 0 0 0
0 0 0 0 0 0 0 0 0 0 0 0 0 0 0 0 0 0 0 0 0 0 0 0 0 0 0 0 0 0 0 0 0 0 0 0
0 0 0 0 0 0 0 0 0 0 0 0 0 0 0 0 0 0 0 0 0 0 0 0 0 0 0 0 0 0 0 0 0 0 0 0
0 0 0 0 0 0 0 0 0 0 0 0 0 0 0 0 0 0 0 0 0 0 0 0 0 0 0 0 0 0 0 0 0 0 0 0
0 0 0 0 0 0 0 0 0 0 0 0 0 0
##$LEVSIGN= 1
##$MAXLEV= 16
##$METHOD= 0
##$NEGBASE= -82949685
##$NEGINCR= 1.8
##$POSBASE= 82949685
##$POSINCR= 1.8
##END=
