O 700.051557
-1000000
 -999023
 -998046
 -997069
 -996092
 -995115
 -994138
 -993161
 -992184
 -991207
 -990230
 -989253
 -988276
 -987298
 -986321
 -985344
 -984367
 -983390
 -982413
 -981436
 -980459
 -979482
 -978505
 -977528
 -976551
 -975574
 -974597
 -973620
 -972643
 -971666
 -970689
 -969712
 -968735
 -967758
 -966781
 -965804
 -964827
 -963850
 -962872
 -961895
 -960918
 -959941
 -958964
 -957987
 -957010
 -956033
 -955056
 -954079
 -953102
 -952125
 -951148
 -950171
 -949194
 -948217
 -947240
 -946263
 -945286
 -944309
 -943332
 -942355
 -941378
 -940401
 -939424
 -938447
 -937469
 -936492
 -935515
 -934538
 -933561
 -932584
 -931607
 -930630
 -929653
 -928676
 -927699
 -926722
 -925745
 -924768
 -923791
 -922814
 -921837
 -920860
 -919883
 -918906
 -917929
 -916952
 -915975
 -914998
 -914021
 -913043
 -912066
 -911089
 -910112
 -909135
 -908158
 -907181
 -906204
 -905227
 -904250
 -903273
 -902296
 -901319
 -900342
 -899365
 -898388
 -897411
 -896434
 -895457
 -894480
 -893503
 -892526
 -891549
 -890572
 -889595
 -888617
 -887640
 -886663
 -885686
 -884709
 -883732
 -882755
 -881778
 -880801
 -879824
 -878847
 -877870
 -876893
 -875916
 -874939
 -873962
 -872985
 -872008
 -871031
 -870054
 -869077
 -868100
 -867123
 -866146
 -865169
 -864191
 -863214
 -862237
 -861260
 -860283
 -859306
 -858329
 -857352
 -856375
 -855398
 -854421
 -853444
 -852467
 -851490
 -850513
 -849536
 -848559
 -847582
 -846605
 -845628
 -844651
 -843674
 -842697
 -841720
 -840743
 -839766
 -838788
 -837811
 -836834
 -835857
 -834880
 -833903
 -832926
 -831949
 -830972
 -829995
 -829018
 -828041
 -827064
 -826087
 -825110
 -824133
 -823156
 -822179
 -821202
 -820225
 -819248
 -818271
 -817294
 -816317
 -815340
 -814362
 -813385
 -812408
 -811431
 -810454
 -809477
 -808500
 -807523
 -806546
 -805569
 -804592
 -803615
 -802638
 -801661
 -800684
 -799707
 -798730
 -797753
 -796776
 -795799
 -794822
 -793845
 -792868
 -791891
 -790914
 -789936
 -788959
 -787982
 -787005
 -786028
 -785051
 -784074
 -783097
 -782120
 -781143
 -780166
 -779189
 -778212
 -777235
 -776258
 -775281
 -774304
 -773327
 -772350
 -771373
 -770396
 -769419
 -768442
 -767465
 -766488
 -765511
 -764533
 -763556
 -762579
 -761602
 -760625
 -759648
 -758671
 -757694
 -756717
 -755740
 -754763
 -753786
 -752809
 -751832
 -750855
 -749878
 -748901
 -747924
 -746947
 -745970
 -744993
 -744016
 -743039
 -742062
 -741085
 -740107
 -739130
 -738153
 -737176
 -736199
 -735222
 -734245
 -733268
 -732291
 -731314
 -730337
 -729360
 -728383
 -727406
 -726429
 -725452
 -724475
 -723498
 -722521
 -721544
 -720567
 -719590
 -718613
 -717636
 -716659
 -715681
 -714704
 -713727
 -712750
 -711773
 -710796
 -709819
 -708842
 -707865
 -706888
 -705911
 -704934
 -703957
 -702980
 -702003
 -701026
 -700049
 -699072
 -698095
 -697118
 -696141
 -695164
 -694187
 -693210
 -692233
 -691255
 -690278
 -689301
 -688324
 -687347
 -686370
 -685393
 -684416
 -683439
 -682462
 -681485
 -680508
 -679531
 -678554
 -677577
 -676600
 -675623
 -674646
 -673669
 -672692
 -671715
 -670738
 -669761
 -668784
 -667807
 -666830
 -665852
 -664875
 -663898
 -662921
 -661944
 -660967
 -659990
 -659013
 -658036
 -657059
 -656082
 -655105
 -654128
 -653151
 -652174
 -651197
 -650220
 -649243
 -648266
 -647289
 -646312
 -645335
 -644358
 -643381
 -642404
 -641426
 -640449
 -639472
 -638495
 -637518
 -636541
 -635564
 -634587
 -633610
 -632633
 -631656
 -630679
 -629702
 -628725
 -627748
 -626771
 -625794
 -624817
 -623840
 -622863
 -621886
 -620909
 -619932
 -618955
 -617978
 -617000
 -616023
 -615046
 -614069
 -613092
 -612115
 -611138
 -610161
 -609184
 -608207
 -607230
 -606253
 -605276
 -604299
 -603322
 -602345
 -601368
 -600391
 -599414
 -598437
 -597460
 -596483
 -595506
 -594529
 -593552
 -592574
 -591597
 -590620
 -589643
 -588666
 -587689
 -586712
 -585735
 -584758
 -583781
 -582804
 -581827
 -580850
 -579873
 -578896
 -577919
 -576942
 -575965
 -574988
 -574011
 -573034
 -572057
 -571080
 -570103
 -569126
 -568149
 -567171
 -566194
 -565217
 -564240
 -563263
 -562286
 -561309
 -560332
 -559355
 -558378
 -557401
 -556424
 -555447
 -554470
 -553493
 -552516
 -551539
 -550562
 -549585
 -548608
 -547631
 -546654
 -545677
 -544700
 -543723
 -542745
 -541768
 -540791
 -539814
 -538837
 -537860
 -536883
 -535906
 -534929
 -533952
 -532975
 -531998
 -531021
 -530044
 -529067
 -528090
 -527113
 -526136
 -525159
 -524182
 -523205
 -522228
 -521251
 -520274
 -519297
 -518319
 -517342
 -516365
 -515388
 -514411
 -513434
 -512457
 -511480
 -510503
 -509526
 -508549
 -507572
 -506595
 -505618
 -504641
 -503664
 -502687
 -501710
 -500733
 -499756
 -498779
 -497802
 -496825
 -495848
 -494871
 -493894
 -492916
 -491939
 -490962
 -489985
 -489008
 -488031
 -487054
 -486077
 -485100
 -484123
 -483146
 -482169
 -481192
 -480215
 -479238
 -478261
 -477284
 -476307
 -475330
 -474353
 -473376
 -472399
 -471422
 -470445
 -469468
 -468490
 -467513
 -466536
 -465559
 -464582
 -463605
 -462628
 -461651
 -460674
 -459697
 -458720
 -457743
 -456766
 -455789
 -454812
 -453835
 -452858
 -451881
 -450904
 -449927
 -448950
 -447973
 -446996
 -446019
 -445042
 -444064
 -443087
 -442110
 -441133
 -440156
 -439179
 -438202
 -437225
 -436248
 -435271
 -434294
 -433317
 -432340
 -431363
 -430386
 -429409
 -428432
 -427455
 -426478
 -425501
 -424524
 -423547
 -422570
 -421593
 -420616
 -419638
 -418661
 -417684
 -416707
 -415730
 -414753
 -413776
 -412799
 -411822
 -410845
 -409868
 -408891
 -407914
 -406937
 -405960
 -404983
 -404006
 -403029
 -402052
 -401075
 -400098
 -399121
 -398144
 -397167
 -396190
 -395213
 -394235
 -393258
 -392281
 -391304
 -390327
 -389350
 -388373
 -387396
 -386419
 -385442
 -384465
 -383488
 -382511
 -381534
 -380557
 -379580
 -378603
 -377626
 -376649
 -375672
 -374695
 -373718
 -372741
 -371764
 -370787
 -369809
 -368832
 -367855
 -366878
 -365901
 -364924
 -363947
 -362970
 -361993
 -361016
 -360039
 -359062
 -358085
 -357108
 -356131
 -355154
 -354177
 -353200
 -352223
 -351246
 -350269
 -349292
 -348315
 -347338
 -346361
 -345383
 -344406
 -343429
 -342452
 -341475
 -340498
 -339521
 -338544
 -337567
 -336590
 -335613
 -334636
 -333659
 -332682
 -331705
 -330728
 -329751
 -328774
 -327797
 -326820
 -325843
 -324866
 -323889
 -322912
 -321935
 -320957
 -319980
 -319003
 -318026
 -317049
 -316072
 -315095
 -314118
 -313141
 -312164
 -311187
 -310210
 -309233
 -308256
 -307279
 -306302
 -305325
 -304348
 -303371
 -302394
 -301417
 -300440
 -299463
 -298486
 -297509
 -296532
 -295554
 -294577
 -293600
 -292623
 -291646
 -290669
 -289692
 -288715
 -287738
 -286761
 -285784
 -284807
 -283830
 -282853
 -281876
 -280899
 -279922
 -278945
 -277968
 -276991
 -276014
 -275037
 -274060
 -273083
 -272106
 -271128
 -270151
 -269174
 -268197
 -267220
 -266243
 -265266
 -264289
 -263312
 -262335
 -261358
 -260381
 -259404
 -258427
 -257450
 -256473
 -255496
 -254519
 -253542
 -252565
 -251588
 -250611
 -249634
 -248657
 -247680
 -246702
 -245725
 -244748
 -243771
 -242794
 -241817
 -240840
 -239863
 -238886
 -237909
 -236932
 -235955
 -234978
 -234001
 -233024
 -232047
 -231070
 -230093
 -229116
 -228139
 -227162
 -226185
 -225208
 -224231
 -223254
 -222277
 -221299
 -220322
 -219345
 -218368
 -217391
 -216414
 -215437
 -214460
 -213483
 -212506
 -211529
 -210552
 -209575
 -208598
 -207621
 -206644
 -205667
 -204690
 -203713
 -202736
 -201759
 -200782
 -199805
 -198828
 -197851
 -196873
 -195896
 -194919
 -193942
 -192965
 -191988
 -191011
 -190034
 -189057
 -188080
 -187103
 -186126
 -185149
 -184172
 -183195
 -182218
 -181241
 -180264
 -179287
 -178310
 -177333
 -176356
 -175379
 -174402
 -173425
 -172447
 -171470
 -170493
 -169516
 -168539
 -167562
 -166585
 -165608
 -164631
 -163654
 -162677
 -161700
 -160723
 -159746
 -158769
 -157792
 -156815
 -155838
 -154861
 -153884
 -152907
 -151930
 -150953
 -149976
 -148999
 -148021
 -147044
 -146067
 -145090
 -144113
 -143136
 -142159
 -141182
 -140205
 -139228
 -138251
 -137274
 -136297
 -135320
 -134343
 -133366
 -132389
 -131412
 -130435
 -129458
 -128481
 -127504
 -126527
 -125550
 -124573
 -123596
 -122618
 -121641
 -120664
 -119687
 -118710
 -117733
 -116756
 -115779
 -114802
 -113825
 -112848
 -111871
 -110894
 -109917
 -108940
 -107963
 -106986
 -106009
 -105032
 -104055
 -103078
 -102101
 -101124
 -100147
  -99170
  -98192
  -97215
  -96238
  -95261
  -94284
  -93307
  -92330
  -91353
  -90376
  -89399
  -88422
  -87445
  -86468
  -85491
  -84514
  -83537
  -82560
  -81583
  -80606
  -79629
  -78652
  -77675
  -76698
  -75721
  -74744
  -73766
  -72789
  -71812
  -70835
  -69858
  -68881
  -67904
  -66927
  -65950
  -64973
  -63996
  -63019
  -62042
  -61065
  -60088
  -59111
  -58134
  -57157
  -56180
  -55203
  -54226
  -53249
  -52272
  -51295
  -50318
  -49340
  -48363
  -47386
  -46409
  -45432
  -44455
  -43478
  -42501
  -41524
  -40547
  -39570
  -38593
  -37616
  -36639
  -35662
  -34685
  -33708
  -32731
  -31754
  -30777
  -29800
  -28823
  -27846
  -26869
  -25892
  -24915
  -23937
  -22960
  -21983
  -21006
  -20029
  -19052
  -18075
  -17098
  -16121
  -15144
  -14167
  -13190
  -12213
  -11236
  -10259
   -9282
   -8305
   -7328
   -6351
   -5374
   -4397
   -3420
   -2443
   -1466
    -489
     489
    1466
    2443
    3420
    4397
    5374
    6351
    7328
    8305
    9282
   10259
   11236
   12213
   13190
   14167
   15144
   16121
   17098
   18075
   19052
   20029
   21006
   21983
   22960
   23937
   24915
   25892
   26869
   27846
   28823
   29800
   30777
   31754
   32731
   33708
   34685
   35662
   36639
   37616
   38593
   39570
   40547
   41524
   42501
   43478
   44455
   45432
   46409
   47386
   48363
   49340
   50318
   51295
   52272
   53249
   54226
   55203
   56180
   57157
   58134
   59111
   60088
   61065
   62042
   63019
   63996
   64973
   65950
   66927
   67904
   68881
   69858
   70835
   71812
   72789
   73766
   74744
   75721
   76698
   77675
   78652
   79629
   80606
   81583
   82560
   83537
   84514
   85491
   86468
   87445
   88422
   89399
   90376
   91353
   92330
   93307
   94284
   95261
   96238
   97215
   98192
   99170
  100147
  101124
  102101
  103078
  104055
  105032
  106009
  106986
  107963
  108940
  109917
  110894
  111871
  112848
  113825
  114802
  115779
  116756
  117733
  118710
  119687
  120664
  121641
  122618
  123596
  124573
  125550
  126527
  127504
  128481
  129458
  130435
  131412
  132389
  133366
  134343
  135320
  136297
  137274
  138251
  139228
  140205
  141182
  142159
  143136
  144113
  145090
  146067
  147044
  148021
  148999
  149976
  150953
  151930
  152907
  153884
  154861
  155838
  156815
  157792
  158769
  159746
  160723
  161700
  162677
  163654
  164631
  165608
  166585
  167562
  168539
  169516
  170493
  171470
  172447
  173425
  174402
  175379
  176356
  177333
  178310
  179287
  180264
  181241
  182218
  183195
  184172
  185149
  186126
  187103
  188080
  189057
  190034
  191011
  191988
  192965
  193942
  194919
  195896
  196873
  197851
  198828
  199805
  200782
  201759
  202736
  203713
  204690
  205667
  206644
  207621
  208598
  209575
  210552
  211529
  212506
  213483
  214460
  215437
  216414
  217391
  218368
  219345
  220322
  221299
  222277
  223254
  224231
  225208
  226185
  227162
  228139
  229116
  230093
  231070
  232047
  233024
  234001
  234978
  235955
  236932
  237909
  238886
  239863
  240840
  241817
  242794
  243771
  244748
  245725
  246702
  247680
  248657
  249634
  250611
  251588
  252565
  253542
  254519
  255496
  256473
  257450
  258427
  259404
  260381
  261358
  262335
  263312
  264289
  265266
  266243
  267220
  268197
  269174
  270151
  271128
  272106
  273083
  274060
  275037
  276014
  276991
  277968
  278945
  279922
  280899
  281876
  282853
  283830
  284807
  285784
  286761
  287738
  288715
  289692
  290669
  291646
  292623
  293600
  294577
  295554
  296532
  297509
  298486
  299463
  300440
  301417
  302394
  303371
  304348
  305325
  306302
  307279
  308256
  309233
  310210
  311187
  312164
  313141
  314118
  315095
  316072
  317049
  318026
  319003
  319980
  320957
  321935
  322912
  323889
  324866
  325843
  326820
  327797
  328774
  329751
  330728
  331705
  332682
  333659
  334636
  335613
  336590
  337567
  338544
  339521
  340498
  341475
  342452
  343429
  344406
  345383
  346361
  347338
  348315
  349292
  350269
  351246
  352223
  353200
  354177
  355154
  356131
  357108
  358085
  359062
  360039
  361016
  361993
  362970
  363947
  364924
  365901
  366878
  367855
  368832
  369809
  370787
  371764
  372741
  373718
  374695
  375672
  376649
  377626
  378603
  379580
  380557
  381534
  382511
  383488
  384465
  385442
  386419
  387396
  388373
  389350
  390327
  391304
  392281
  393258
  394235
  395213
  396190
  397167
  398144
  399121
  400098
  401075
  402052
  403029
  404006
  404983
  405960
  406937
  407914
  408891
  409868
  410845
  411822
  412799
  413776
  414753
  415730
  416707
  417684
  418661
  419638
  420616
  421593
  422570
  423547
  424524
  425501
  426478
  427455
  428432
  429409
  430386
  431363
  432340
  433317
  434294
  435271
  436248
  437225
  438202
  439179
  440156
  441133
  442110
  443087
  444064
  445042
  446019
  446996
  447973
  448950
  449927
  450904
  451881
  452858
  453835
  454812
  455789
  456766
  457743
  458720
  459697
  460674
  461651
  462628
  463605
  464582
  465559
  466536
  467513
  468490
  469468
  470445
  471422
  472399
  473376
  474353
  475330
  476307
  477284
  478261
  479238
  480215
  481192
  482169
  483146
  484123
  485100
  486077
  487054
  488031
  489008
  489985
  490962
  491939
  492916
  493894
  494871
  495848
  496825
  497802
  498779
  499756
  500733
  501710
  502687
  503664
  504641
  505618
  506595
  507572
  508549
  509526
  510503
  511480
  512457
  513434
  514411
  515388
  516365
  517342
  518319
  519297
  520274
  521251
  522228
  523205
  524182
  525159
  526136
  527113
  528090
  529067
  530044
  531021
  531998
  532975
  533952
  534929
  535906
  536883
  537860
  538837
  539814
  540791
  541768
  542745
  543723
  544700
  545677
  546654
  547631
  548608
  549585
  550562
  551539
  552516
  553493
  554470
  555447
  556424
  557401
  558378
  559355
  560332
  561309
  562286
  563263
  564240
  565217
  566194
  567171
  568149
  569126
  570103
  571080
  572057
  573034
  574011
  574988
  575965
  576942
  577919
  578896
  579873
  580850
  581827
  582804
  583781
  584758
  585735
  586712
  587689
  588666
  589643
  590620
  591597
  592574
  593552
  594529
  595506
  596483
  597460
  598437
  599414
  600391
  601368
  602345
  603322
  604299
  605276
  606253
  607230
  608207
  609184
  610161
  611138
  612115
  613092
  614069
  615046
  616023
  617000
  617978
  618955
  619932
  620909
  621886
  622863
  623840
  624817
  625794
  626771
  627748
  628725
  629702
  630679
  631656
  632633
  633610
  634587
  635564
  636541
  637518
  638495
  639472
  640449
  641426
  642404
  643381
  644358
  645335
  646312
  647289
  648266
  649243
  650220
  651197
  652174
  653151
  654128
  655105
  656082
  657059
  658036
  659013
  659990
  660967
  661944
  662921
  663898
  664875
  665852
  666830
  667807
  668784
  669761
  670738
  671715
  672692
  673669
  674646
  675623
  676600
  677577
  678554
  679531
  680508
  681485
  682462
  683439
  684416
  685393
  686370
  687347
  688324
  689301
  690278
  691255
  692233
  693210
  694187
  695164
  696141
  697118
  698095
  699072
  700049
  701026
  702003
  702980
  703957
  704934
  705911
  706888
  707865
  708842
  709819
  710796
  711773
  712750
  713727
  714704
  715681
  716659
  717636
  718613
  719590
  720567
  721544
  722521
  723498
  724475
  725452
  726429
  727406
  728383
  729360
  730337
  731314
  732291
  733268
  734245
  735222
  736199
  737176
  738153
  739130
  740107
  741085
  742062
  743039
  744016
  744993
  745970
  746947
  747924
  748901
  749878
  750855
  751832
  752809
  753786
  754763
  755740
  756717
  757694
  758671
  759648
  760625
  761602
  762579
  763556
  764533
  765511
  766488
  767465
  768442
  769419
  770396
  771373
  772350
  773327
  774304
  775281
  776258
  777235
  778212
  779189
  780166
  781143
  782120
  783097
  784074
  785051
  786028
  787005
  787982
  788959
  789936
  790914
  791891
  792868
  793845
  794822
  795799
  796776
  797753
  798730
  799707
  800684
  801661
  802638
  803615
  804592
  805569
  806546
  807523
  808500
  809477
  810454
  811431
  812408
  813385
  814362
  815340
  816317
  817294
  818271
  819248
  820225
  821202
  822179
  823156
  824133
  825110
  826087
  827064
  828041
  829018
  829995
  830972
  831949
  832926
  833903
  834880
  835857
  836834
  837811
  838788
  839766
  840743
  841720
  842697
  843674
  844651
  845628
  846605
  847582
  848559
  849536
  850513
  851490
  852467
  853444
  854421
  855398
  856375
  857352
  858329
  859306
  860283
  861260
  862237
  863214
  864191
  865169
  866146
  867123
  868100
  869077
  870054
  871031
  872008
  872985
  873962
  874939
  875916
  876893
  877870
  878847
  879824
  880801
  881778
  882755
  883732
  884709
  885686
  886663
  887640
  888617
  889595
  890572
  891549
  892526
  893503
  894480
  895457
  896434
  897411
  898388
  899365
  900342
  901319
  902296
  903273
  904250
  905227
  906204
  907181
  908158
  909135
  910112
  911089
  912066
  913043
  914021
  914998
  915975
  916952
  917929
  918906
  919883
  920860
  921837
  922814
  923791
  924768
  925745
  926722
  927699
  928676
  929653
  930630
  931607
  932584
  933561
  934538
  935515
  936492
  937469
  938447
  939424
  940401
  941378
  942355
  943332
  944309
  945286
  946263
  947240
  948217
  949194
  950171
  951148
  952125
  953102
  954079
  955056
  956033
  957010
  957987
  958964
  959941
  960918
  961895
  962872
  963850
  964827
  965804
  966781
  967758
  968735
  969712
  970689
  971666
  972643
  973620
  974597
  975574
  976551
  977528
  978505
  979482
  980459
  981436
  982413
  983390
  984367
  985344
  986321
  987298
  988276
  989253
  990230
  991207
  992184
  993161
  994138
  995115
  996092
  997069
  998046
  999023
 1000000
