##TITLE= rsnob, 18.5000ms, 0.000398 W
##JCAMP-DX= 5.00 Bruker JCAMP library 
##DATA TYPE= Shape Data 
##ORIGIN= Bruker BioSpin GmbH 
##OWNER= <WaveMaker> 
##DATE= Jun 28 2021 
##TIME= 15:57:51 
##$SHAPE_PARAMETERS= Type: rsnob
##MINX= 0.028540 
##MAXX= 100.000000 
##MINY= 0.000000 
##MAXY= 180.000000 
##$SHAPE_EXMODE= Refocussing
##$SHAPE_TOTROT= 180.00 
##$SHAPE_TYPE= Refocussing
##$SHAPE_USER_DEF= Tp=18500.0000 us, gB1max=126.6 Hz, f1=-150.0 Hz, f2=150.0 Hz
##$SHAPE_REPHFAC= 
##$SHAPE_BWFAC= 1.850 
##$SHAPE_BWFAC50= 
##$SHAPE_INTEGFAC= 0.213551 
##$SHAPE_MODE= 0 
##NPOINTS= 1850 
##XYPOINTS= (XY..XY) 
5.145755e+00,  1.800000e+02 
5.146045e+00,  1.800000e+02 
5.146915e+00,  1.800000e+02 
5.148365e+00,  1.800000e+02 
5.150395e+00,  1.800000e+02 
5.153004e+00,  1.800000e+02 
5.156193e+00,  1.800000e+02 
5.159960e+00,  1.800000e+02 
5.164305e+00,  1.800000e+02 
5.169228e+00,  1.800000e+02 
5.174727e+00,  1.800000e+02 
5.180803e+00,  1.800000e+02 
5.187453e+00,  1.800000e+02 
5.194678e+00,  1.800000e+02 
5.202476e+00,  1.800000e+02 
5.210846e+00,  1.800000e+02 
5.219787e+00,  1.800000e+02 
5.229298e+00,  1.800000e+02 
5.239376e+00,  1.800000e+02 
5.250022e+00,  1.800000e+02 
5.261233e+00,  1.800000e+02 
5.273007e+00,  1.800000e+02 
5.285344e+00,  1.800000e+02 
5.298241e+00,  1.800000e+02 
5.311696e+00,  1.800000e+02 
5.325708e+00,  1.800000e+02 
5.340274e+00,  1.800000e+02 
5.355393e+00,  1.800000e+02 
5.371062e+00,  1.800000e+02 
5.387279e+00,  1.800000e+02 
5.404042e+00,  1.800000e+02 
5.421348e+00,  1.800000e+02 
5.439195e+00,  1.800000e+02 
5.457581e+00,  1.800000e+02 
5.476502e+00,  1.800000e+02 
5.495956e+00,  1.800000e+02 
5.515941e+00,  1.800000e+02 
5.536453e+00,  1.800000e+02 
5.557490e+00,  1.800000e+02 
5.579048e+00,  1.800000e+02 
5.601125e+00,  1.800000e+02 
5.623717e+00,  1.800000e+02 
5.646822e+00,  1.800000e+02 
5.670435e+00,  1.800000e+02 
5.694554e+00,  1.800000e+02 
5.719175e+00,  1.800000e+02 
5.744294e+00,  1.800000e+02 
5.769909e+00,  1.800000e+02 
5.796014e+00,  1.800000e+02 
5.822608e+00,  1.800000e+02 
5.849686e+00,  1.800000e+02 
5.877243e+00,  1.800000e+02 
5.905277e+00,  1.800000e+02 
5.933783e+00,  1.800000e+02 
5.962757e+00,  1.800000e+02 
5.992195e+00,  1.800000e+02 
6.022093e+00,  1.800000e+02 
6.052447e+00,  1.800000e+02 
6.083252e+00,  1.800000e+02 
6.114504e+00,  1.800000e+02 
6.146198e+00,  1.800000e+02 
6.178331e+00,  1.800000e+02 
6.210897e+00,  1.800000e+02 
6.243891e+00,  1.800000e+02 
6.277310e+00,  1.800000e+02 
6.311149e+00,  1.800000e+02 
6.345402e+00,  1.800000e+02 
6.380065e+00,  1.800000e+02 
6.415133e+00,  1.800000e+02 
6.450601e+00,  1.800000e+02 
6.486463e+00,  1.800000e+02 
6.522716e+00,  1.800000e+02 
6.559353e+00,  1.800000e+02 
6.596370e+00,  1.800000e+02 
6.633761e+00,  1.800000e+02 
6.671522e+00,  1.800000e+02 
6.709646e+00,  1.800000e+02 
6.748128e+00,  1.800000e+02 
6.786963e+00,  1.800000e+02 
6.826145e+00,  1.800000e+02 
6.865669e+00,  1.800000e+02 
6.905530e+00,  1.800000e+02 
6.945721e+00,  1.800000e+02 
6.986237e+00,  1.800000e+02 
7.027072e+00,  1.800000e+02 
7.068221e+00,  1.800000e+02 
7.109677e+00,  1.800000e+02 
7.151435e+00,  1.800000e+02 
7.193490e+00,  1.800000e+02 
7.235834e+00,  1.800000e+02 
7.278462e+00,  1.800000e+02 
7.321368e+00,  1.800000e+02 
7.364546e+00,  1.800000e+02 
7.407989e+00,  1.800000e+02 
7.451693e+00,  1.800000e+02 
7.495650e+00,  1.800000e+02 
7.539855e+00,  1.800000e+02 
7.584300e+00,  1.800000e+02 
7.628981e+00,  1.800000e+02 
7.673890e+00,  1.800000e+02 
7.719021e+00,  1.800000e+02 
7.764369e+00,  1.800000e+02 
7.809925e+00,  1.800000e+02 
7.855685e+00,  1.800000e+02 
7.901642e+00,  1.800000e+02 
7.947789e+00,  1.800000e+02 
7.994119e+00,  1.800000e+02 
8.040627e+00,  1.800000e+02 
8.087306e+00,  1.800000e+02 
8.134148e+00,  1.800000e+02 
8.181148e+00,  1.800000e+02 
8.228299e+00,  1.800000e+02 
8.275595e+00,  1.800000e+02 
8.323027e+00,  1.800000e+02 
8.370591e+00,  1.800000e+02 
8.418279e+00,  1.800000e+02 
8.466085e+00,  1.800000e+02 
8.514002e+00,  1.800000e+02 
8.562022e+00,  1.800000e+02 
8.610141e+00,  1.800000e+02 
8.658349e+00,  1.800000e+02 
8.706642e+00,  1.800000e+02 
8.755012e+00,  1.800000e+02 
8.803452e+00,  1.800000e+02 
8.851955e+00,  1.800000e+02 
8.900515e+00,  1.800000e+02 
8.949125e+00,  1.800000e+02 
8.997779e+00,  1.800000e+02 
9.046468e+00,  1.800000e+02 
9.095187e+00,  1.800000e+02 
9.143928e+00,  1.800000e+02 
9.192685e+00,  1.800000e+02 
9.241451e+00,  1.800000e+02 
9.290218e+00,  1.800000e+02 
9.338981e+00,  1.800000e+02 
9.387733e+00,  1.800000e+02 
9.436466e+00,  1.800000e+02 
9.485173e+00,  1.800000e+02 
9.533848e+00,  1.800000e+02 
9.582485e+00,  1.800000e+02 
9.631075e+00,  1.800000e+02 
9.679613e+00,  1.800000e+02 
9.728091e+00,  1.800000e+02 
9.776503e+00,  1.800000e+02 
9.824842e+00,  1.800000e+02 
9.873101e+00,  1.800000e+02 
9.921273e+00,  1.800000e+02 
9.969352e+00,  1.800000e+02 
1.001733e+01,  1.800000e+02 
1.006520e+01,  1.800000e+02 
1.011296e+01,  1.800000e+02 
1.016060e+01,  1.800000e+02 
1.020811e+01,  1.800000e+02 
1.025549e+01,  1.800000e+02 
1.030272e+01,  1.800000e+02 
1.034981e+01,  1.800000e+02 
1.039675e+01,  1.800000e+02 
1.044352e+01,  1.800000e+02 
1.049013e+01,  1.800000e+02 
1.053657e+01,  1.800000e+02 
1.058282e+01,  1.800000e+02 
1.062889e+01,  1.800000e+02 
1.067477e+01,  1.800000e+02 
1.072044e+01,  1.800000e+02 
1.076591e+01,  1.800000e+02 
1.081117e+01,  1.800000e+02 
1.085621e+01,  1.800000e+02 
1.090103e+01,  1.800000e+02 
1.094561e+01,  1.800000e+02 
1.098995e+01,  1.800000e+02 
1.103405e+01,  1.800000e+02 
1.107790e+01,  1.800000e+02 
1.112150e+01,  1.800000e+02 
1.116483e+01,  1.800000e+02 
1.120789e+01,  1.800000e+02 
1.125067e+01,  1.800000e+02 
1.129318e+01,  1.800000e+02 
1.133540e+01,  1.800000e+02 
1.137732e+01,  1.800000e+02 
1.141895e+01,  1.800000e+02 
1.146026e+01,  1.800000e+02 
1.150127e+01,  1.800000e+02 
1.154196e+01,  1.800000e+02 
1.158233e+01,  1.800000e+02 
1.162237e+01,  1.800000e+02 
1.166208e+01,  1.800000e+02 
1.170144e+01,  1.800000e+02 
1.174046e+01,  1.800000e+02 
1.177913e+01,  1.800000e+02 
1.181744e+01,  1.800000e+02 
1.185538e+01,  1.800000e+02 
1.189296e+01,  1.800000e+02 
1.193017e+01,  1.800000e+02 
1.196699e+01,  1.800000e+02 
1.200343e+01,  1.800000e+02 
1.203948e+01,  1.800000e+02 
1.207514e+01,  1.800000e+02 
1.211039e+01,  1.800000e+02 
1.214524e+01,  1.800000e+02 
1.217968e+01,  1.800000e+02 
1.221370e+01,  1.800000e+02 
1.224730e+01,  1.800000e+02 
1.228048e+01,  1.800000e+02 
1.231322e+01,  1.800000e+02 
1.234552e+01,  1.800000e+02 
1.237739e+01,  1.800000e+02 
1.240881e+01,  1.800000e+02 
1.243978e+01,  1.800000e+02 
1.247029e+01,  1.800000e+02 
1.250034e+01,  1.800000e+02 
1.252993e+01,  1.800000e+02 
1.255905e+01,  1.800000e+02 
1.258769e+01,  1.800000e+02 
1.261586e+01,  1.800000e+02 
1.264354e+01,  1.800000e+02 
1.267073e+01,  1.800000e+02 
1.269744e+01,  1.800000e+02 
1.272364e+01,  1.800000e+02 
1.274935e+01,  1.800000e+02 
1.277455e+01,  1.800000e+02 
1.279925e+01,  1.800000e+02 
1.282343e+01,  1.800000e+02 
1.284709e+01,  1.800000e+02 
1.287023e+01,  1.800000e+02 
1.289285e+01,  1.800000e+02 
1.291494e+01,  1.800000e+02 
1.293650e+01,  1.800000e+02 
1.295752e+01,  1.800000e+02 
1.297801e+01,  1.800000e+02 
1.299794e+01,  1.800000e+02 
1.301734e+01,  1.800000e+02 
1.303618e+01,  1.800000e+02 
1.305446e+01,  1.800000e+02 
1.307219e+01,  1.800000e+02 
1.308936e+01,  1.800000e+02 
1.310597e+01,  1.800000e+02 
1.312200e+01,  1.800000e+02 
1.313747e+01,  1.800000e+02 
1.315236e+01,  1.800000e+02 
1.316668e+01,  1.800000e+02 
1.318041e+01,  1.800000e+02 
1.319356e+01,  1.800000e+02 
1.320613e+01,  1.800000e+02 
1.321811e+01,  1.800000e+02 
1.322949e+01,  1.800000e+02 
1.324028e+01,  1.800000e+02 
1.325048e+01,  1.800000e+02 
1.326007e+01,  1.800000e+02 
1.326906e+01,  1.800000e+02 
1.327744e+01,  1.800000e+02 
1.328522e+01,  1.800000e+02 
1.329239e+01,  1.800000e+02 
1.329894e+01,  1.800000e+02 
1.330488e+01,  1.800000e+02 
1.331021e+01,  1.800000e+02 
1.331491e+01,  1.800000e+02 
1.331899e+01,  1.800000e+02 
1.332245e+01,  1.800000e+02 
1.332528e+01,  1.800000e+02 
1.332748e+01,  1.800000e+02 
1.332905e+01,  1.800000e+02 
1.332999e+01,  1.800000e+02 
1.333030e+01,  1.800000e+02 
1.332997e+01,  1.800000e+02 
1.332901e+01,  1.800000e+02 
1.332740e+01,  1.800000e+02 
1.332516e+01,  1.800000e+02 
1.332227e+01,  1.800000e+02 
1.331873e+01,  1.800000e+02 
1.331455e+01,  1.800000e+02 
1.330973e+01,  1.800000e+02 
1.330425e+01,  1.800000e+02 
1.329813e+01,  1.800000e+02 
1.329135e+01,  1.800000e+02 
1.328392e+01,  1.800000e+02 
1.327584e+01,  1.800000e+02 
1.326710e+01,  1.800000e+02 
1.325771e+01,  1.800000e+02 
1.324766e+01,  1.800000e+02 
1.323694e+01,  1.800000e+02 
1.322557e+01,  1.800000e+02 
1.321354e+01,  1.800000e+02 
1.320085e+01,  1.800000e+02 
1.318750e+01,  1.800000e+02 
1.317348e+01,  1.800000e+02 
1.315880e+01,  1.800000e+02 
1.314345e+01,  1.800000e+02 
1.312744e+01,  1.800000e+02 
1.311076e+01,  1.800000e+02 
1.309341e+01,  1.800000e+02 
1.307540e+01,  1.800000e+02 
1.305672e+01,  1.800000e+02 
1.303736e+01,  1.800000e+02 
1.301735e+01,  1.800000e+02 
1.299666e+01,  1.800000e+02 
1.297530e+01,  1.800000e+02 
1.295327e+01,  1.800000e+02 
1.293057e+01,  1.800000e+02 
1.290720e+01,  1.800000e+02 
1.288316e+01,  1.800000e+02 
1.285844e+01,  1.800000e+02 
1.283306e+01,  1.800000e+02 
1.280700e+01,  1.800000e+02 
1.278027e+01,  1.800000e+02 
1.275287e+01,  1.800000e+02 
1.272479e+01,  1.800000e+02 
1.269605e+01,  1.800000e+02 
1.266663e+01,  1.800000e+02 
1.263654e+01,  1.800000e+02 
1.260578e+01,  1.800000e+02 
1.257434e+01,  1.800000e+02 
1.254224e+01,  1.800000e+02 
1.250946e+01,  1.800000e+02 
1.247601e+01,  1.800000e+02 
1.244189e+01,  1.800000e+02 
1.240710e+01,  1.800000e+02 
1.237163e+01,  1.800000e+02 
1.233550e+01,  1.800000e+02 
1.229869e+01,  1.800000e+02 
1.226122e+01,  1.800000e+02 
1.222307e+01,  1.800000e+02 
1.218426e+01,  1.800000e+02 
1.214478e+01,  1.800000e+02 
1.210462e+01,  1.800000e+02 
1.206380e+01,  1.800000e+02 
1.202232e+01,  1.800000e+02 
1.198016e+01,  1.800000e+02 
1.193734e+01,  1.800000e+02 
1.189385e+01,  1.800000e+02 
1.184970e+01,  1.800000e+02 
1.180488e+01,  1.800000e+02 
1.175939e+01,  1.800000e+02 
1.171324e+01,  1.800000e+02 
1.166643e+01,  1.800000e+02 
1.161896e+01,  1.800000e+02 
1.157082e+01,  1.800000e+02 
1.152202e+01,  1.800000e+02 
1.147256e+01,  1.800000e+02 
1.142243e+01,  1.800000e+02 
1.137165e+01,  1.800000e+02 
1.132021e+01,  1.800000e+02 
1.126811e+01,  1.800000e+02 
1.121535e+01,  1.800000e+02 
1.116193e+01,  1.800000e+02 
1.110786e+01,  1.800000e+02 
1.105313e+01,  1.800000e+02 
1.099775e+01,  1.800000e+02 
1.094171e+01,  1.800000e+02 
1.088502e+01,  1.800000e+02 
1.082767e+01,  1.800000e+02 
1.076967e+01,  1.800000e+02 
1.071102e+01,  1.800000e+02 
1.065172e+01,  1.800000e+02 
1.059176e+01,  1.800000e+02 
1.053116e+01,  1.800000e+02 
1.046991e+01,  1.800000e+02 
1.040801e+01,  1.800000e+02 
1.034546e+01,  1.800000e+02 
1.028226e+01,  1.800000e+02 
1.021842e+01,  1.800000e+02 
1.015393e+01,  1.800000e+02 
1.008880e+01,  1.800000e+02 
1.002302e+01,  1.800000e+02 
9.956604e+00,  1.800000e+02 
9.889540e+00,  1.800000e+02 
9.821833e+00,  1.800000e+02 
9.753485e+00,  1.800000e+02 
9.684496e+00,  1.800000e+02 
9.614866e+00,  1.800000e+02 
9.544596e+00,  1.800000e+02 
9.473687e+00,  1.800000e+02 
9.402139e+00,  1.800000e+02 
9.329953e+00,  1.800000e+02 
9.257129e+00,  1.800000e+02 
9.183668e+00,  1.800000e+02 
9.109571e+00,  1.800000e+02 
9.034838e+00,  1.800000e+02 
8.959470e+00,  1.800000e+02 
8.883466e+00,  1.800000e+02 
8.806828e+00,  1.800000e+02 
8.729556e+00,  1.800000e+02 
8.651651e+00,  1.800000e+02 
8.573112e+00,  1.800000e+02 
8.493941e+00,  1.800000e+02 
8.414137e+00,  1.800000e+02 
8.333702e+00,  1.800000e+02 
8.252635e+00,  1.800000e+02 
8.170937e+00,  1.800000e+02 
8.088607e+00,  1.800000e+02 
8.005648e+00,  1.800000e+02 
7.922057e+00,  1.800000e+02 
7.837837e+00,  1.800000e+02 
7.752987e+00,  1.800000e+02 
7.667508e+00,  1.800000e+02 
7.581399e+00,  1.800000e+02 
7.494660e+00,  1.800000e+02 
7.407293e+00,  1.800000e+02 
7.319297e+00,  1.800000e+02 
7.230671e+00,  1.800000e+02 
7.141417e+00,  1.800000e+02 
7.051534e+00,  1.800000e+02 
6.961023e+00,  1.800000e+02 
6.869882e+00,  1.800000e+02 
6.778113e+00,  1.800000e+02 
6.685715e+00,  1.800000e+02 
6.592688e+00,  1.800000e+02 
6.499032e+00,  1.800000e+02 
6.404747e+00,  1.800000e+02 
6.309832e+00,  1.800000e+02 
6.214288e+00,  1.800000e+02 
6.118114e+00,  1.800000e+02 
6.021310e+00,  1.800000e+02 
5.923876e+00,  1.800000e+02 
5.825811e+00,  1.800000e+02 
5.727116e+00,  1.800000e+02 
5.627789e+00,  1.800000e+02 
5.527830e+00,  1.800000e+02 
5.427239e+00,  1.800000e+02 
5.326015e+00,  1.800000e+02 
5.224159e+00,  1.800000e+02 
5.121669e+00,  1.800000e+02 
5.018544e+00,  1.800000e+02 
4.914785e+00,  1.800000e+02 
4.810391e+00,  1.800000e+02 
4.705360e+00,  1.800000e+02 
4.599693e+00,  1.800000e+02 
4.493389e+00,  1.800000e+02 
4.386447e+00,  1.800000e+02 
4.278865e+00,  1.800000e+02 
4.170645e+00,  1.800000e+02 
4.061783e+00,  1.800000e+02 
3.952280e+00,  1.800000e+02 
3.842136e+00,  1.800000e+02 
3.731348e+00,  1.800000e+02 
3.619915e+00,  1.800000e+02 
3.507838e+00,  1.800000e+02 
3.395115e+00,  1.800000e+02 
3.281745e+00,  1.800000e+02 
3.167726e+00,  1.800000e+02 
3.053058e+00,  1.800000e+02 
2.937740e+00,  1.800000e+02 
2.821770e+00,  1.800000e+02 
2.705147e+00,  1.800000e+02 
2.587870e+00,  1.800000e+02 
2.469937e+00,  1.800000e+02 
2.351349e+00,  1.800000e+02 
2.232102e+00,  1.800000e+02 
2.112196e+00,  1.800000e+02 
1.991629e+00,  1.800000e+02 
1.870400e+00,  1.800000e+02 
1.748507e+00,  1.800000e+02 
1.625950e+00,  1.800000e+02 
1.502726e+00,  1.800000e+02 
1.378834e+00,  1.800000e+02 
1.254272e+00,  1.800000e+02 
1.129039e+00,  1.800000e+02 
1.003133e+00,  1.800000e+02 
8.765526e-01,  1.800000e+02 
7.492961e-01,  1.800000e+02 
6.213618e-01,  1.800000e+02 
4.927478e-01,  1.800000e+02 
3.634525e-01,  1.800000e+02 
2.334741e-01,  1.800000e+02 
1.028106e-01,  1.800000e+02 
2.853955e-02,  0.000000e+00 
1.605784e-01,  0.000000e+00 
2.933078e-01,  0.000000e+00 
4.267296e-01,  0.000000e+00 
5.608458e-01,  0.000000e+00 
6.956584e-01,  0.000000e+00 
8.311693e-01,  0.000000e+00 
9.673805e-01,  0.000000e+00 
1.104294e+00,  0.000000e+00 
1.241912e+00,  0.000000e+00 
1.380237e+00,  0.000000e+00 
1.519270e+00,  0.000000e+00 
1.659013e+00,  0.000000e+00 
1.799470e+00,  0.000000e+00 
1.940642e+00,  0.000000e+00 
2.082530e+00,  0.000000e+00 
2.225138e+00,  0.000000e+00 
2.368468e+00,  0.000000e+00 
2.512521e+00,  0.000000e+00 
2.657301e+00,  0.000000e+00 
2.802809e+00,  0.000000e+00 
2.949047e+00,  0.000000e+00 
3.096018e+00,  0.000000e+00 
3.243724e+00,  0.000000e+00 
3.392168e+00,  0.000000e+00 
3.541352e+00,  0.000000e+00 
3.691278e+00,  0.000000e+00 
3.841948e+00,  0.000000e+00 
3.993365e+00,  0.000000e+00 
4.145532e+00,  0.000000e+00 
4.298450e+00,  0.000000e+00 
4.452122e+00,  0.000000e+00 
4.606551e+00,  0.000000e+00 
4.761738e+00,  0.000000e+00 
4.917687e+00,  0.000000e+00 
5.074400e+00,  0.000000e+00 
5.231878e+00,  0.000000e+00 
5.390126e+00,  0.000000e+00 
5.549144e+00,  0.000000e+00 
5.708936e+00,  0.000000e+00 
5.869503e+00,  0.000000e+00 
6.030850e+00,  0.000000e+00 
6.192977e+00,  0.000000e+00 
6.355887e+00,  0.000000e+00 
6.519583e+00,  0.000000e+00 
6.684067e+00,  0.000000e+00 
6.849342e+00,  0.000000e+00 
7.015410e+00,  0.000000e+00 
7.182273e+00,  0.000000e+00 
7.349934e+00,  0.000000e+00 
7.518396e+00,  0.000000e+00 
7.687660e+00,  0.000000e+00 
7.857730e+00,  0.000000e+00 
8.028607e+00,  0.000000e+00 
8.200295e+00,  0.000000e+00 
8.372794e+00,  0.000000e+00 
8.546109e+00,  0.000000e+00 
8.720240e+00,  0.000000e+00 
8.895192e+00,  0.000000e+00 
9.070965e+00,  0.000000e+00 
9.247562e+00,  0.000000e+00 
9.424985e+00,  0.000000e+00 
9.603238e+00,  0.000000e+00 
9.782321e+00,  0.000000e+00 
9.962237e+00,  0.000000e+00 
1.014299e+01,  0.000000e+00 
1.032458e+01,  0.000000e+00 
1.050701e+01,  0.000000e+00 
1.069028e+01,  0.000000e+00 
1.087440e+01,  0.000000e+00 
1.105936e+01,  0.000000e+00 
1.124517e+01,  0.000000e+00 
1.143183e+01,  0.000000e+00 
1.161935e+01,  0.000000e+00 
1.180772e+01,  0.000000e+00 
1.199694e+01,  0.000000e+00 
1.218703e+01,  0.000000e+00 
1.237797e+01,  0.000000e+00 
1.256978e+01,  0.000000e+00 
1.276245e+01,  0.000000e+00 
1.295599e+01,  0.000000e+00 
1.315039e+01,  0.000000e+00 
1.334567e+01,  0.000000e+00 
1.354181e+01,  0.000000e+00 
1.373883e+01,  0.000000e+00 
1.393673e+01,  0.000000e+00 
1.413550e+01,  0.000000e+00 
1.433514e+01,  0.000000e+00 
1.453567e+01,  0.000000e+00 
1.473708e+01,  0.000000e+00 
1.493937e+01,  0.000000e+00 
1.514255e+01,  0.000000e+00 
1.534661e+01,  0.000000e+00 
1.555155e+01,  0.000000e+00 
1.575739e+01,  0.000000e+00 
1.596411e+01,  0.000000e+00 
1.617172e+01,  0.000000e+00 
1.638023e+01,  0.000000e+00 
1.658963e+01,  0.000000e+00 
1.679992e+01,  0.000000e+00 
1.701110e+01,  0.000000e+00 
1.722318e+01,  0.000000e+00 
1.743615e+01,  0.000000e+00 
1.765002e+01,  0.000000e+00 
1.786479e+01,  0.000000e+00 
1.808046e+01,  0.000000e+00 
1.829703e+01,  0.000000e+00 
1.851449e+01,  0.000000e+00 
1.873286e+01,  0.000000e+00 
1.895212e+01,  0.000000e+00 
1.917229e+01,  0.000000e+00 
1.939335e+01,  0.000000e+00 
1.961532e+01,  0.000000e+00 
1.983819e+01,  0.000000e+00 
2.006196e+01,  0.000000e+00 
2.028663e+01,  0.000000e+00 
2.051220e+01,  0.000000e+00 
2.073867e+01,  0.000000e+00 
2.096605e+01,  0.000000e+00 
2.119432e+01,  0.000000e+00 
2.142350e+01,  0.000000e+00 
2.165357e+01,  0.000000e+00 
2.188455e+01,  0.000000e+00 
2.211642e+01,  0.000000e+00 
2.234919e+01,  0.000000e+00 
2.258286e+01,  0.000000e+00 
2.281743e+01,  0.000000e+00 
2.305289e+01,  0.000000e+00 
2.328925e+01,  0.000000e+00 
2.352650e+01,  0.000000e+00 
2.376465e+01,  0.000000e+00 
2.400369e+01,  0.000000e+00 
2.424361e+01,  0.000000e+00 
2.448443e+01,  0.000000e+00 
2.472613e+01,  0.000000e+00 
2.496873e+01,  0.000000e+00 
2.521220e+01,  0.000000e+00 
2.545656e+01,  0.000000e+00 
2.570180e+01,  0.000000e+00 
2.594792e+01,  0.000000e+00 
2.619491e+01,  0.000000e+00 
2.644278e+01,  0.000000e+00 
2.669153e+01,  0.000000e+00 
2.694114e+01,  0.000000e+00 
2.719163e+01,  0.000000e+00 
2.744298e+01,  0.000000e+00 
2.769519e+01,  0.000000e+00 
2.794826e+01,  0.000000e+00 
2.820220e+01,  0.000000e+00 
2.845699e+01,  0.000000e+00 
2.871263e+01,  0.000000e+00 
2.896912e+01,  0.000000e+00 
2.922646e+01,  0.000000e+00 
2.948464e+01,  0.000000e+00 
2.974366e+01,  0.000000e+00 
3.000352e+01,  0.000000e+00 
3.026421e+01,  0.000000e+00 
3.052573e+01,  0.000000e+00 
3.078808e+01,  0.000000e+00 
3.105125e+01,  0.000000e+00 
3.131524e+01,  0.000000e+00 
3.158004e+01,  0.000000e+00 
3.184565e+01,  0.000000e+00 
3.211207e+01,  0.000000e+00 
3.237929e+01,  0.000000e+00 
3.264731e+01,  0.000000e+00 
3.291612e+01,  0.000000e+00 
3.318572e+01,  0.000000e+00 
3.345611e+01,  0.000000e+00 
3.372727e+01,  0.000000e+00 
3.399921e+01,  0.000000e+00 
3.427191e+01,  0.000000e+00 
3.454538e+01,  0.000000e+00 
3.481961e+01,  0.000000e+00 
3.509459e+01,  0.000000e+00 
3.537032e+01,  0.000000e+00 
3.564679e+01,  0.000000e+00 
3.592400e+01,  0.000000e+00 
3.620193e+01,  0.000000e+00 
3.648060e+01,  0.000000e+00 
3.675998e+01,  0.000000e+00 
3.704007e+01,  0.000000e+00 
3.732087e+01,  0.000000e+00 
3.760237e+01,  0.000000e+00 
3.788457e+01,  0.000000e+00 
3.816745e+01,  0.000000e+00 
3.845101e+01,  0.000000e+00 
3.873525e+01,  0.000000e+00 
3.902015e+01,  0.000000e+00 
3.930571e+01,  0.000000e+00 
3.959192e+01,  0.000000e+00 
3.987878e+01,  0.000000e+00 
4.016628e+01,  0.000000e+00 
4.045441e+01,  0.000000e+00 
4.074316e+01,  0.000000e+00 
4.103253e+01,  0.000000e+00 
4.132251e+01,  0.000000e+00 
4.161308e+01,  0.000000e+00 
4.190425e+01,  0.000000e+00 
4.219600e+01,  0.000000e+00 
4.248833e+01,  0.000000e+00 
4.278122e+01,  0.000000e+00 
4.307468e+01,  0.000000e+00 
4.336868e+01,  0.000000e+00 
4.366322e+01,  0.000000e+00 
4.395830e+01,  0.000000e+00 
4.425390e+01,  0.000000e+00 
4.455002e+01,  0.000000e+00 
4.484664e+01,  0.000000e+00 
4.514376e+01,  0.000000e+00 
4.544136e+01,  0.000000e+00 
4.573945e+01,  0.000000e+00 
4.603800e+01,  0.000000e+00 
4.633701e+01,  0.000000e+00 
4.663647e+01,  0.000000e+00 
4.693637e+01,  0.000000e+00 
4.723670e+01,  0.000000e+00 
4.753745e+01,  0.000000e+00 
4.783861e+01,  0.000000e+00 
4.814016e+01,  0.000000e+00 
4.844211e+01,  0.000000e+00 
4.874443e+01,  0.000000e+00 
4.904712e+01,  0.000000e+00 
4.935016e+01,  0.000000e+00 
4.965355e+01,  0.000000e+00 
4.995728e+01,  0.000000e+00 
5.026133e+01,  0.000000e+00 
5.056569e+01,  0.000000e+00 
5.087036e+01,  0.000000e+00 
5.117531e+01,  0.000000e+00 
5.148055e+01,  0.000000e+00 
5.178605e+01,  0.000000e+00 
5.209181e+01,  0.000000e+00 
5.239781e+01,  0.000000e+00 
5.270404e+01,  0.000000e+00 
5.301049e+01,  0.000000e+00 
5.331716e+01,  0.000000e+00 
5.362401e+01,  0.000000e+00 
5.393106e+01,  0.000000e+00 
5.423827e+01,  0.000000e+00 
5.454565e+01,  0.000000e+00 
5.485317e+01,  0.000000e+00 
5.516082e+01,  0.000000e+00 
5.546860e+01,  0.000000e+00 
5.577649e+01,  0.000000e+00 
5.608447e+01,  0.000000e+00 
5.639253e+01,  0.000000e+00 
5.670067e+01,  0.000000e+00 
5.700886e+01,  0.000000e+00 
5.731710e+01,  0.000000e+00 
5.762537e+01,  0.000000e+00 
5.793366e+01,  0.000000e+00 
5.824195e+01,  0.000000e+00 
5.855023e+01,  0.000000e+00 
5.885849e+01,  0.000000e+00 
5.916671e+01,  0.000000e+00 
5.947488e+01,  0.000000e+00 
5.978299e+01,  0.000000e+00 
6.009102e+01,  0.000000e+00 
6.039896e+01,  0.000000e+00 
6.070679e+01,  0.000000e+00 
6.101450e+01,  0.000000e+00 
6.132208e+01,  0.000000e+00 
6.162951e+01,  0.000000e+00 
6.193677e+01,  0.000000e+00 
6.224386e+01,  0.000000e+00 
6.255076e+01,  0.000000e+00 
6.285745e+01,  0.000000e+00 
6.316392e+01,  0.000000e+00 
6.347015e+01,  0.000000e+00 
6.377614e+01,  0.000000e+00 
6.408186e+01,  0.000000e+00 
6.438730e+01,  0.000000e+00 
6.469244e+01,  0.000000e+00 
6.499728e+01,  0.000000e+00 
6.530179e+01,  0.000000e+00 
6.560596e+01,  0.000000e+00 
6.590977e+01,  0.000000e+00 
6.621322e+01,  0.000000e+00 
6.651628e+01,  0.000000e+00 
6.681894e+01,  0.000000e+00 
6.712118e+01,  0.000000e+00 
6.742300e+01,  0.000000e+00 
6.772436e+01,  0.000000e+00 
6.802527e+01,  0.000000e+00 
6.832569e+01,  0.000000e+00 
6.862563e+01,  0.000000e+00 
6.892505e+01,  0.000000e+00 
6.922395e+01,  0.000000e+00 
6.952232e+01,  0.000000e+00 
6.982012e+01,  0.000000e+00 
7.011736e+01,  0.000000e+00 
7.041400e+01,  0.000000e+00 
7.071005e+01,  0.000000e+00 
7.100547e+01,  0.000000e+00 
7.130026e+01,  0.000000e+00 
7.159440e+01,  0.000000e+00 
7.188788e+01,  0.000000e+00 
7.218067e+01,  0.000000e+00 
7.247276e+01,  0.000000e+00 
7.276414e+01,  0.000000e+00 
7.305479e+01,  0.000000e+00 
7.334469e+01,  0.000000e+00 
7.363384e+01,  0.000000e+00 
7.392220e+01,  0.000000e+00 
7.420977e+01,  0.000000e+00 
7.449653e+01,  0.000000e+00 
7.478246e+01,  0.000000e+00 
7.506755e+01,  0.000000e+00 
7.535178e+01,  0.000000e+00 
7.563514e+01,  0.000000e+00 
7.591760e+01,  0.000000e+00 
7.619916e+01,  0.000000e+00 
7.647980e+01,  0.000000e+00 
7.675950e+01,  0.000000e+00 
7.703824e+01,  0.000000e+00 
7.731601e+01,  0.000000e+00 
7.759279e+01,  0.000000e+00 
7.786858e+01,  0.000000e+00 
7.814334e+01,  0.000000e+00 
7.841706e+01,  0.000000e+00 
7.868974e+01,  0.000000e+00 
7.896135e+01,  0.000000e+00 
7.923187e+01,  0.000000e+00 
7.950130e+01,  0.000000e+00 
7.976961e+01,  0.000000e+00 
8.003679e+01,  0.000000e+00 
8.030282e+01,  0.000000e+00 
8.056769e+01,  0.000000e+00 
8.083138e+01,  0.000000e+00 
8.109388e+01,  0.000000e+00 
8.135516e+01,  0.000000e+00 
8.161522e+01,  0.000000e+00 
8.187404e+01,  0.000000e+00 
8.213160e+01,  0.000000e+00 
8.238788e+01,  0.000000e+00 
8.264288e+01,  0.000000e+00 
8.289657e+01,  0.000000e+00 
8.314895e+01,  0.000000e+00 
8.339998e+01,  0.000000e+00 
8.364967e+01,  0.000000e+00 
8.389799e+01,  0.000000e+00 
8.414493e+01,  0.000000e+00 
8.439047e+01,  0.000000e+00 
8.463460e+01,  0.000000e+00 
8.487730e+01,  0.000000e+00 
8.511855e+01,  0.000000e+00 
8.535835e+01,  0.000000e+00 
8.559668e+01,  0.000000e+00 
8.583352e+01,  0.000000e+00 
8.606886e+01,  0.000000e+00 
8.630268e+01,  0.000000e+00 
8.653496e+01,  0.000000e+00 
8.676570e+01,  0.000000e+00 
8.699488e+01,  0.000000e+00 
8.722248e+01,  0.000000e+00 
8.744849e+01,  0.000000e+00 
8.767290e+01,  0.000000e+00 
8.789569e+01,  0.000000e+00 
8.811684e+01,  0.000000e+00 
8.833634e+01,  0.000000e+00 
8.855418e+01,  0.000000e+00 
8.877035e+01,  0.000000e+00 
8.898482e+01,  0.000000e+00 
8.919760e+01,  0.000000e+00 
8.940865e+01,  0.000000e+00 
8.961797e+01,  0.000000e+00 
8.982555e+01,  0.000000e+00 
9.003136e+01,  0.000000e+00 
9.023541e+01,  0.000000e+00 
9.043767e+01,  0.000000e+00 
9.063813e+01,  0.000000e+00 
9.083678e+01,  0.000000e+00 
9.103360e+01,  0.000000e+00 
9.122859e+01,  0.000000e+00 
9.142172e+01,  0.000000e+00 
9.161299e+01,  0.000000e+00 
9.180239e+01,  0.000000e+00 
9.198990e+01,  0.000000e+00 
9.217550e+01,  0.000000e+00 
9.235919e+01,  0.000000e+00 
9.254096e+01,  0.000000e+00 
9.272079e+01,  0.000000e+00 
9.289867e+01,  0.000000e+00 
9.307458e+01,  0.000000e+00 
9.324853e+01,  0.000000e+00 
9.342049e+01,  0.000000e+00 
9.359045e+01,  0.000000e+00 
9.375840e+01,  0.000000e+00 
9.392433e+01,  0.000000e+00 
9.408824e+01,  0.000000e+00 
9.425010e+01,  0.000000e+00 
9.440991e+01,  0.000000e+00 
9.456766e+01,  0.000000e+00 
9.472333e+01,  0.000000e+00 
9.487692e+01,  0.000000e+00 
9.502841e+01,  0.000000e+00 
9.517780e+01,  0.000000e+00 
9.532507e+01,  0.000000e+00 
9.547022e+01,  0.000000e+00 
9.561323e+01,  0.000000e+00 
9.575409e+01,  0.000000e+00 
9.589281e+01,  0.000000e+00 
9.602935e+01,  0.000000e+00 
9.616373e+01,  0.000000e+00 
9.629592e+01,  0.000000e+00 
9.642592e+01,  0.000000e+00 
9.655372e+01,  0.000000e+00 
9.667931e+01,  0.000000e+00 
9.680268e+01,  0.000000e+00 
9.692383e+01,  0.000000e+00 
9.704274e+01,  0.000000e+00 
9.715941e+01,  0.000000e+00 
9.727382e+01,  0.000000e+00 
9.738598e+01,  0.000000e+00 
9.749587e+01,  0.000000e+00 
9.760349e+01,  0.000000e+00 
9.770882e+01,  0.000000e+00 
9.781187e+01,  0.000000e+00 
9.791262e+01,  0.000000e+00 
9.801107e+01,  0.000000e+00 
9.810720e+01,  0.000000e+00 
9.820102e+01,  0.000000e+00 
9.829252e+01,  0.000000e+00 
9.838169e+01,  0.000000e+00 
9.846852e+01,  0.000000e+00 
9.855301e+01,  0.000000e+00 
9.863515e+01,  0.000000e+00 
9.871494e+01,  0.000000e+00 
9.879237e+01,  0.000000e+00 
9.886744e+01,  0.000000e+00 
9.894014e+01,  0.000000e+00 
9.901046e+01,  0.000000e+00 
9.907840e+01,  0.000000e+00 
9.914396e+01,  0.000000e+00 
9.920713e+01,  0.000000e+00 
9.926790e+01,  0.000000e+00 
9.932628e+01,  0.000000e+00 
9.938226e+01,  0.000000e+00 
9.943583e+01,  0.000000e+00 
9.948699e+01,  0.000000e+00 
9.953574e+01,  0.000000e+00 
9.958207e+01,  0.000000e+00 
9.962599e+01,  0.000000e+00 
9.966748e+01,  0.000000e+00 
9.970654e+01,  0.000000e+00 
9.974318e+01,  0.000000e+00 
9.977739e+01,  0.000000e+00 
9.980916e+01,  0.000000e+00 
9.983850e+01,  0.000000e+00 
9.986540e+01,  0.000000e+00 
9.988986e+01,  0.000000e+00 
9.991188e+01,  0.000000e+00 
9.993145e+01,  0.000000e+00 
9.994859e+01,  0.000000e+00 
9.996327e+01,  0.000000e+00 
9.997551e+01,  0.000000e+00 
9.998531e+01,  0.000000e+00 
9.999265e+01,  0.000000e+00 
9.999755e+01,  0.000000e+00 
1.000000e+02,  0.000000e+00 
1.000000e+02,  0.000000e+00 
9.999755e+01,  0.000000e+00 
9.999265e+01,  0.000000e+00 
9.998531e+01,  0.000000e+00 
9.997551e+01,  0.000000e+00 
9.996327e+01,  0.000000e+00 
9.994859e+01,  0.000000e+00 
9.993145e+01,  0.000000e+00 
9.991188e+01,  0.000000e+00 
9.988986e+01,  0.000000e+00 
9.986540e+01,  0.000000e+00 
9.983850e+01,  0.000000e+00 
9.980916e+01,  0.000000e+00 
9.977739e+01,  0.000000e+00 
9.974318e+01,  0.000000e+00 
9.970654e+01,  0.000000e+00 
9.966748e+01,  0.000000e+00 
9.962599e+01,  0.000000e+00 
9.958207e+01,  0.000000e+00 
9.953574e+01,  0.000000e+00 
9.948699e+01,  0.000000e+00 
9.943583e+01,  0.000000e+00 
9.938226e+01,  0.000000e+00 
9.932628e+01,  0.000000e+00 
9.926790e+01,  0.000000e+00 
9.920713e+01,  0.000000e+00 
9.914396e+01,  0.000000e+00 
9.907840e+01,  0.000000e+00 
9.901046e+01,  0.000000e+00 
9.894014e+01,  0.000000e+00 
9.886744e+01,  0.000000e+00 
9.879237e+01,  0.000000e+00 
9.871494e+01,  0.000000e+00 
9.863515e+01,  0.000000e+00 
9.855301e+01,  0.000000e+00 
9.846852e+01,  0.000000e+00 
9.838169e+01,  0.000000e+00 
9.829252e+01,  0.000000e+00 
9.820102e+01,  0.000000e+00 
9.810720e+01,  0.000000e+00 
9.801107e+01,  0.000000e+00 
9.791262e+01,  0.000000e+00 
9.781187e+01,  0.000000e+00 
9.770882e+01,  0.000000e+00 
9.760349e+01,  0.000000e+00 
9.749587e+01,  0.000000e+00 
9.738598e+01,  0.000000e+00 
9.727382e+01,  0.000000e+00 
9.715941e+01,  0.000000e+00 
9.704274e+01,  0.000000e+00 
9.692383e+01,  0.000000e+00 
9.680268e+01,  0.000000e+00 
9.667931e+01,  0.000000e+00 
9.655372e+01,  0.000000e+00 
9.642592e+01,  0.000000e+00 
9.629592e+01,  0.000000e+00 
9.616373e+01,  0.000000e+00 
9.602935e+01,  0.000000e+00 
9.589281e+01,  0.000000e+00 
9.575409e+01,  0.000000e+00 
9.561323e+01,  0.000000e+00 
9.547022e+01,  0.000000e+00 
9.532507e+01,  0.000000e+00 
9.517780e+01,  0.000000e+00 
9.502841e+01,  0.000000e+00 
9.487692e+01,  0.000000e+00 
9.472333e+01,  0.000000e+00 
9.456766e+01,  0.000000e+00 
9.440991e+01,  0.000000e+00 
9.425010e+01,  0.000000e+00 
9.408824e+01,  0.000000e+00 
9.392433e+01,  0.000000e+00 
9.375840e+01,  0.000000e+00 
9.359045e+01,  0.000000e+00 
9.342049e+01,  0.000000e+00 
9.324853e+01,  0.000000e+00 
9.307458e+01,  0.000000e+00 
9.289867e+01,  0.000000e+00 
9.272079e+01,  0.000000e+00 
9.254096e+01,  0.000000e+00 
9.235919e+01,  0.000000e+00 
9.217550e+01,  0.000000e+00 
9.198990e+01,  0.000000e+00 
9.180239e+01,  0.000000e+00 
9.161299e+01,  0.000000e+00 
9.142172e+01,  0.000000e+00 
9.122859e+01,  0.000000e+00 
9.103360e+01,  0.000000e+00 
9.083678e+01,  0.000000e+00 
9.063813e+01,  0.000000e+00 
9.043767e+01,  0.000000e+00 
9.023541e+01,  0.000000e+00 
9.003136e+01,  0.000000e+00 
8.982555e+01,  0.000000e+00 
8.961797e+01,  0.000000e+00 
8.940865e+01,  0.000000e+00 
8.919760e+01,  0.000000e+00 
8.898482e+01,  0.000000e+00 
8.877035e+01,  0.000000e+00 
8.855418e+01,  0.000000e+00 
8.833634e+01,  0.000000e+00 
8.811684e+01,  0.000000e+00 
8.789569e+01,  0.000000e+00 
8.767290e+01,  0.000000e+00 
8.744849e+01,  0.000000e+00 
8.722248e+01,  0.000000e+00 
8.699488e+01,  0.000000e+00 
8.676570e+01,  0.000000e+00 
8.653496e+01,  0.000000e+00 
8.630268e+01,  0.000000e+00 
8.606886e+01,  0.000000e+00 
8.583352e+01,  0.000000e+00 
8.559668e+01,  0.000000e+00 
8.535835e+01,  0.000000e+00 
8.511855e+01,  0.000000e+00 
8.487730e+01,  0.000000e+00 
8.463460e+01,  0.000000e+00 
8.439047e+01,  0.000000e+00 
8.414493e+01,  0.000000e+00 
8.389799e+01,  0.000000e+00 
8.364967e+01,  0.000000e+00 
8.339998e+01,  0.000000e+00 
8.314895e+01,  0.000000e+00 
8.289657e+01,  0.000000e+00 
8.264288e+01,  0.000000e+00 
8.238788e+01,  0.000000e+00 
8.213160e+01,  0.000000e+00 
8.187404e+01,  0.000000e+00 
8.161522e+01,  0.000000e+00 
8.135516e+01,  0.000000e+00 
8.109388e+01,  0.000000e+00 
8.083138e+01,  0.000000e+00 
8.056769e+01,  0.000000e+00 
8.030282e+01,  0.000000e+00 
8.003679e+01,  0.000000e+00 
7.976961e+01,  0.000000e+00 
7.950130e+01,  0.000000e+00 
7.923187e+01,  0.000000e+00 
7.896135e+01,  0.000000e+00 
7.868974e+01,  0.000000e+00 
7.841706e+01,  0.000000e+00 
7.814334e+01,  0.000000e+00 
7.786858e+01,  0.000000e+00 
7.759279e+01,  0.000000e+00 
7.731601e+01,  0.000000e+00 
7.703824e+01,  0.000000e+00 
7.675950e+01,  0.000000e+00 
7.647980e+01,  0.000000e+00 
7.619916e+01,  0.000000e+00 
7.591760e+01,  0.000000e+00 
7.563514e+01,  0.000000e+00 
7.535178e+01,  0.000000e+00 
7.506755e+01,  0.000000e+00 
7.478246e+01,  0.000000e+00 
7.449653e+01,  0.000000e+00 
7.420977e+01,  0.000000e+00 
7.392220e+01,  0.000000e+00 
7.363384e+01,  0.000000e+00 
7.334469e+01,  0.000000e+00 
7.305479e+01,  0.000000e+00 
7.276414e+01,  0.000000e+00 
7.247276e+01,  0.000000e+00 
7.218067e+01,  0.000000e+00 
7.188788e+01,  0.000000e+00 
7.159440e+01,  0.000000e+00 
7.130026e+01,  0.000000e+00 
7.100547e+01,  0.000000e+00 
7.071005e+01,  0.000000e+00 
7.041400e+01,  0.000000e+00 
7.011736e+01,  0.000000e+00 
6.982012e+01,  0.000000e+00 
6.952232e+01,  0.000000e+00 
6.922395e+01,  0.000000e+00 
6.892505e+01,  0.000000e+00 
6.862563e+01,  0.000000e+00 
6.832569e+01,  0.000000e+00 
6.802527e+01,  0.000000e+00 
6.772436e+01,  0.000000e+00 
6.742300e+01,  0.000000e+00 
6.712118e+01,  0.000000e+00 
6.681894e+01,  0.000000e+00 
6.651628e+01,  0.000000e+00 
6.621322e+01,  0.000000e+00 
6.590977e+01,  0.000000e+00 
6.560596e+01,  0.000000e+00 
6.530179e+01,  0.000000e+00 
6.499728e+01,  0.000000e+00 
6.469244e+01,  0.000000e+00 
6.438730e+01,  0.000000e+00 
6.408186e+01,  0.000000e+00 
6.377614e+01,  0.000000e+00 
6.347015e+01,  0.000000e+00 
6.316392e+01,  0.000000e+00 
6.285745e+01,  0.000000e+00 
6.255076e+01,  0.000000e+00 
6.224386e+01,  0.000000e+00 
6.193677e+01,  0.000000e+00 
6.162951e+01,  0.000000e+00 
6.132208e+01,  0.000000e+00 
6.101450e+01,  0.000000e+00 
6.070679e+01,  0.000000e+00 
6.039896e+01,  0.000000e+00 
6.009102e+01,  0.000000e+00 
5.978299e+01,  0.000000e+00 
5.947488e+01,  0.000000e+00 
5.916671e+01,  0.000000e+00 
5.885849e+01,  0.000000e+00 
5.855023e+01,  0.000000e+00 
5.824195e+01,  0.000000e+00 
5.793366e+01,  0.000000e+00 
5.762537e+01,  0.000000e+00 
5.731710e+01,  0.000000e+00 
5.700886e+01,  0.000000e+00 
5.670067e+01,  0.000000e+00 
5.639253e+01,  0.000000e+00 
5.608447e+01,  0.000000e+00 
5.577649e+01,  0.000000e+00 
5.546860e+01,  0.000000e+00 
5.516082e+01,  0.000000e+00 
5.485317e+01,  0.000000e+00 
5.454565e+01,  0.000000e+00 
5.423827e+01,  0.000000e+00 
5.393106e+01,  0.000000e+00 
5.362401e+01,  0.000000e+00 
5.331716e+01,  0.000000e+00 
5.301049e+01,  0.000000e+00 
5.270404e+01,  0.000000e+00 
5.239781e+01,  0.000000e+00 
5.209181e+01,  0.000000e+00 
5.178605e+01,  0.000000e+00 
5.148055e+01,  0.000000e+00 
5.117531e+01,  0.000000e+00 
5.087036e+01,  0.000000e+00 
5.056569e+01,  0.000000e+00 
5.026133e+01,  0.000000e+00 
4.995728e+01,  0.000000e+00 
4.965355e+01,  0.000000e+00 
4.935016e+01,  0.000000e+00 
4.904712e+01,  0.000000e+00 
4.874443e+01,  0.000000e+00 
4.844211e+01,  0.000000e+00 
4.814016e+01,  0.000000e+00 
4.783861e+01,  0.000000e+00 
4.753745e+01,  0.000000e+00 
4.723670e+01,  0.000000e+00 
4.693637e+01,  0.000000e+00 
4.663647e+01,  0.000000e+00 
4.633701e+01,  0.000000e+00 
4.603800e+01,  0.000000e+00 
4.573945e+01,  0.000000e+00 
4.544136e+01,  0.000000e+00 
4.514376e+01,  0.000000e+00 
4.484664e+01,  0.000000e+00 
4.455002e+01,  0.000000e+00 
4.425390e+01,  0.000000e+00 
4.395830e+01,  0.000000e+00 
4.366322e+01,  0.000000e+00 
4.336868e+01,  0.000000e+00 
4.307468e+01,  0.000000e+00 
4.278122e+01,  0.000000e+00 
4.248833e+01,  0.000000e+00 
4.219600e+01,  0.000000e+00 
4.190425e+01,  0.000000e+00 
4.161308e+01,  0.000000e+00 
4.132251e+01,  0.000000e+00 
4.103253e+01,  0.000000e+00 
4.074316e+01,  0.000000e+00 
4.045441e+01,  0.000000e+00 
4.016628e+01,  0.000000e+00 
3.987878e+01,  0.000000e+00 
3.959192e+01,  0.000000e+00 
3.930571e+01,  0.000000e+00 
3.902015e+01,  0.000000e+00 
3.873525e+01,  0.000000e+00 
3.845101e+01,  0.000000e+00 
3.816745e+01,  0.000000e+00 
3.788457e+01,  0.000000e+00 
3.760237e+01,  0.000000e+00 
3.732087e+01,  0.000000e+00 
3.704007e+01,  0.000000e+00 
3.675998e+01,  0.000000e+00 
3.648060e+01,  0.000000e+00 
3.620193e+01,  0.000000e+00 
3.592400e+01,  0.000000e+00 
3.564679e+01,  0.000000e+00 
3.537032e+01,  0.000000e+00 
3.509459e+01,  0.000000e+00 
3.481961e+01,  0.000000e+00 
3.454538e+01,  0.000000e+00 
3.427191e+01,  0.000000e+00 
3.399921e+01,  0.000000e+00 
3.372727e+01,  0.000000e+00 
3.345611e+01,  0.000000e+00 
3.318572e+01,  0.000000e+00 
3.291612e+01,  0.000000e+00 
3.264731e+01,  0.000000e+00 
3.237929e+01,  0.000000e+00 
3.211207e+01,  0.000000e+00 
3.184565e+01,  0.000000e+00 
3.158004e+01,  0.000000e+00 
3.131524e+01,  0.000000e+00 
3.105125e+01,  0.000000e+00 
3.078808e+01,  0.000000e+00 
3.052573e+01,  0.000000e+00 
3.026421e+01,  0.000000e+00 
3.000352e+01,  0.000000e+00 
2.974366e+01,  0.000000e+00 
2.948464e+01,  0.000000e+00 
2.922646e+01,  0.000000e+00 
2.896912e+01,  0.000000e+00 
2.871263e+01,  0.000000e+00 
2.845699e+01,  0.000000e+00 
2.820220e+01,  0.000000e+00 
2.794826e+01,  0.000000e+00 
2.769519e+01,  0.000000e+00 
2.744298e+01,  0.000000e+00 
2.719163e+01,  0.000000e+00 
2.694114e+01,  0.000000e+00 
2.669153e+01,  0.000000e+00 
2.644278e+01,  0.000000e+00 
2.619491e+01,  0.000000e+00 
2.594792e+01,  0.000000e+00 
2.570180e+01,  0.000000e+00 
2.545656e+01,  0.000000e+00 
2.521220e+01,  0.000000e+00 
2.496873e+01,  0.000000e+00 
2.472613e+01,  0.000000e+00 
2.448443e+01,  0.000000e+00 
2.424361e+01,  0.000000e+00 
2.400369e+01,  0.000000e+00 
2.376465e+01,  0.000000e+00 
2.352650e+01,  0.000000e+00 
2.328925e+01,  0.000000e+00 
2.305289e+01,  0.000000e+00 
2.281743e+01,  0.000000e+00 
2.258286e+01,  0.000000e+00 
2.234919e+01,  0.000000e+00 
2.211642e+01,  0.000000e+00 
2.188455e+01,  0.000000e+00 
2.165357e+01,  0.000000e+00 
2.142350e+01,  0.000000e+00 
2.119432e+01,  0.000000e+00 
2.096605e+01,  0.000000e+00 
2.073867e+01,  0.000000e+00 
2.051220e+01,  0.000000e+00 
2.028663e+01,  0.000000e+00 
2.006196e+01,  0.000000e+00 
1.983819e+01,  0.000000e+00 
1.961532e+01,  0.000000e+00 
1.939335e+01,  0.000000e+00 
1.917229e+01,  0.000000e+00 
1.895212e+01,  0.000000e+00 
1.873286e+01,  0.000000e+00 
1.851449e+01,  0.000000e+00 
1.829703e+01,  0.000000e+00 
1.808046e+01,  0.000000e+00 
1.786479e+01,  0.000000e+00 
1.765002e+01,  0.000000e+00 
1.743615e+01,  0.000000e+00 
1.722318e+01,  0.000000e+00 
1.701110e+01,  0.000000e+00 
1.679992e+01,  0.000000e+00 
1.658963e+01,  0.000000e+00 
1.638023e+01,  0.000000e+00 
1.617172e+01,  0.000000e+00 
1.596411e+01,  0.000000e+00 
1.575739e+01,  0.000000e+00 
1.555155e+01,  0.000000e+00 
1.534661e+01,  0.000000e+00 
1.514255e+01,  0.000000e+00 
1.493937e+01,  0.000000e+00 
1.473708e+01,  0.000000e+00 
1.453567e+01,  0.000000e+00 
1.433514e+01,  0.000000e+00 
1.413550e+01,  0.000000e+00 
1.393673e+01,  0.000000e+00 
1.373883e+01,  0.000000e+00 
1.354181e+01,  0.000000e+00 
1.334567e+01,  0.000000e+00 
1.315039e+01,  0.000000e+00 
1.295599e+01,  0.000000e+00 
1.276245e+01,  0.000000e+00 
1.256978e+01,  0.000000e+00 
1.237797e+01,  0.000000e+00 
1.218703e+01,  0.000000e+00 
1.199694e+01,  0.000000e+00 
1.180772e+01,  0.000000e+00 
1.161935e+01,  0.000000e+00 
1.143183e+01,  0.000000e+00 
1.124517e+01,  0.000000e+00 
1.105936e+01,  0.000000e+00 
1.087440e+01,  0.000000e+00 
1.069028e+01,  0.000000e+00 
1.050701e+01,  0.000000e+00 
1.032458e+01,  0.000000e+00 
1.014299e+01,  0.000000e+00 
9.962237e+00,  0.000000e+00 
9.782321e+00,  0.000000e+00 
9.603238e+00,  0.000000e+00 
9.424985e+00,  0.000000e+00 
9.247562e+00,  0.000000e+00 
9.070965e+00,  0.000000e+00 
8.895192e+00,  0.000000e+00 
8.720240e+00,  0.000000e+00 
8.546109e+00,  0.000000e+00 
8.372794e+00,  0.000000e+00 
8.200295e+00,  0.000000e+00 
8.028607e+00,  0.000000e+00 
7.857730e+00,  0.000000e+00 
7.687660e+00,  0.000000e+00 
7.518396e+00,  0.000000e+00 
7.349934e+00,  0.000000e+00 
7.182273e+00,  0.000000e+00 
7.015410e+00,  0.000000e+00 
6.849342e+00,  0.000000e+00 
6.684067e+00,  0.000000e+00 
6.519583e+00,  0.000000e+00 
6.355887e+00,  0.000000e+00 
6.192977e+00,  0.000000e+00 
6.030850e+00,  0.000000e+00 
5.869503e+00,  0.000000e+00 
5.708936e+00,  0.000000e+00 
5.549144e+00,  0.000000e+00 
5.390126e+00,  0.000000e+00 
5.231878e+00,  0.000000e+00 
5.074400e+00,  0.000000e+00 
4.917687e+00,  0.000000e+00 
4.761738e+00,  0.000000e+00 
4.606551e+00,  0.000000e+00 
4.452122e+00,  0.000000e+00 
4.298450e+00,  0.000000e+00 
4.145532e+00,  0.000000e+00 
3.993365e+00,  0.000000e+00 
3.841948e+00,  0.000000e+00 
3.691278e+00,  0.000000e+00 
3.541352e+00,  0.000000e+00 
3.392168e+00,  0.000000e+00 
3.243724e+00,  0.000000e+00 
3.096018e+00,  0.000000e+00 
2.949047e+00,  0.000000e+00 
2.802809e+00,  0.000000e+00 
2.657301e+00,  0.000000e+00 
2.512521e+00,  0.000000e+00 
2.368468e+00,  0.000000e+00 
2.225138e+00,  0.000000e+00 
2.082530e+00,  0.000000e+00 
1.940642e+00,  0.000000e+00 
1.799470e+00,  0.000000e+00 
1.659013e+00,  0.000000e+00 
1.519270e+00,  0.000000e+00 
1.380237e+00,  0.000000e+00 
1.241912e+00,  0.000000e+00 
1.104294e+00,  0.000000e+00 
9.673805e-01,  0.000000e+00 
8.311693e-01,  0.000000e+00 
6.956584e-01,  0.000000e+00 
5.608458e-01,  0.000000e+00 
4.267296e-01,  0.000000e+00 
2.933078e-01,  0.000000e+00 
1.605784e-01,  0.000000e+00 
2.853955e-02,  0.000000e+00 
1.028106e-01,  1.800000e+02 
2.334741e-01,  1.800000e+02 
3.634525e-01,  1.800000e+02 
4.927478e-01,  1.800000e+02 
6.213618e-01,  1.800000e+02 
7.492961e-01,  1.800000e+02 
8.765526e-01,  1.800000e+02 
1.003133e+00,  1.800000e+02 
1.129039e+00,  1.800000e+02 
1.254272e+00,  1.800000e+02 
1.378834e+00,  1.800000e+02 
1.502726e+00,  1.800000e+02 
1.625950e+00,  1.800000e+02 
1.748507e+00,  1.800000e+02 
1.870400e+00,  1.800000e+02 
1.991629e+00,  1.800000e+02 
2.112196e+00,  1.800000e+02 
2.232102e+00,  1.800000e+02 
2.351349e+00,  1.800000e+02 
2.469937e+00,  1.800000e+02 
2.587870e+00,  1.800000e+02 
2.705147e+00,  1.800000e+02 
2.821770e+00,  1.800000e+02 
2.937740e+00,  1.800000e+02 
3.053058e+00,  1.800000e+02 
3.167726e+00,  1.800000e+02 
3.281745e+00,  1.800000e+02 
3.395115e+00,  1.800000e+02 
3.507838e+00,  1.800000e+02 
3.619915e+00,  1.800000e+02 
3.731348e+00,  1.800000e+02 
3.842136e+00,  1.800000e+02 
3.952280e+00,  1.800000e+02 
4.061783e+00,  1.800000e+02 
4.170645e+00,  1.800000e+02 
4.278865e+00,  1.800000e+02 
4.386447e+00,  1.800000e+02 
4.493389e+00,  1.800000e+02 
4.599693e+00,  1.800000e+02 
4.705360e+00,  1.800000e+02 
4.810391e+00,  1.800000e+02 
4.914785e+00,  1.800000e+02 
5.018544e+00,  1.800000e+02 
5.121669e+00,  1.800000e+02 
5.224159e+00,  1.800000e+02 
5.326015e+00,  1.800000e+02 
5.427239e+00,  1.800000e+02 
5.527830e+00,  1.800000e+02 
5.627789e+00,  1.800000e+02 
5.727116e+00,  1.800000e+02 
5.825811e+00,  1.800000e+02 
5.923876e+00,  1.800000e+02 
6.021310e+00,  1.800000e+02 
6.118114e+00,  1.800000e+02 
6.214288e+00,  1.800000e+02 
6.309832e+00,  1.800000e+02 
6.404747e+00,  1.800000e+02 
6.499032e+00,  1.800000e+02 
6.592688e+00,  1.800000e+02 
6.685715e+00,  1.800000e+02 
6.778113e+00,  1.800000e+02 
6.869882e+00,  1.800000e+02 
6.961023e+00,  1.800000e+02 
7.051534e+00,  1.800000e+02 
7.141417e+00,  1.800000e+02 
7.230671e+00,  1.800000e+02 
7.319297e+00,  1.800000e+02 
7.407293e+00,  1.800000e+02 
7.494660e+00,  1.800000e+02 
7.581399e+00,  1.800000e+02 
7.667508e+00,  1.800000e+02 
7.752987e+00,  1.800000e+02 
7.837837e+00,  1.800000e+02 
7.922057e+00,  1.800000e+02 
8.005648e+00,  1.800000e+02 
8.088607e+00,  1.800000e+02 
8.170937e+00,  1.800000e+02 
8.252635e+00,  1.800000e+02 
8.333702e+00,  1.800000e+02 
8.414137e+00,  1.800000e+02 
8.493941e+00,  1.800000e+02 
8.573112e+00,  1.800000e+02 
8.651651e+00,  1.800000e+02 
8.729556e+00,  1.800000e+02 
8.806828e+00,  1.800000e+02 
8.883466e+00,  1.800000e+02 
8.959470e+00,  1.800000e+02 
9.034838e+00,  1.800000e+02 
9.109571e+00,  1.800000e+02 
9.183668e+00,  1.800000e+02 
9.257129e+00,  1.800000e+02 
9.329953e+00,  1.800000e+02 
9.402139e+00,  1.800000e+02 
9.473687e+00,  1.800000e+02 
9.544596e+00,  1.800000e+02 
9.614866e+00,  1.800000e+02 
9.684496e+00,  1.800000e+02 
9.753485e+00,  1.800000e+02 
9.821833e+00,  1.800000e+02 
9.889540e+00,  1.800000e+02 
9.956604e+00,  1.800000e+02 
1.002302e+01,  1.800000e+02 
1.008880e+01,  1.800000e+02 
1.015393e+01,  1.800000e+02 
1.021842e+01,  1.800000e+02 
1.028226e+01,  1.800000e+02 
1.034546e+01,  1.800000e+02 
1.040801e+01,  1.800000e+02 
1.046991e+01,  1.800000e+02 
1.053116e+01,  1.800000e+02 
1.059176e+01,  1.800000e+02 
1.065172e+01,  1.800000e+02 
1.071102e+01,  1.800000e+02 
1.076967e+01,  1.800000e+02 
1.082767e+01,  1.800000e+02 
1.088502e+01,  1.800000e+02 
1.094171e+01,  1.800000e+02 
1.099775e+01,  1.800000e+02 
1.105313e+01,  1.800000e+02 
1.110786e+01,  1.800000e+02 
1.116193e+01,  1.800000e+02 
1.121535e+01,  1.800000e+02 
1.126811e+01,  1.800000e+02 
1.132021e+01,  1.800000e+02 
1.137165e+01,  1.800000e+02 
1.142243e+01,  1.800000e+02 
1.147256e+01,  1.800000e+02 
1.152202e+01,  1.800000e+02 
1.157082e+01,  1.800000e+02 
1.161896e+01,  1.800000e+02 
1.166643e+01,  1.800000e+02 
1.171324e+01,  1.800000e+02 
1.175939e+01,  1.800000e+02 
1.180488e+01,  1.800000e+02 
1.184970e+01,  1.800000e+02 
1.189385e+01,  1.800000e+02 
1.193734e+01,  1.800000e+02 
1.198016e+01,  1.800000e+02 
1.202232e+01,  1.800000e+02 
1.206380e+01,  1.800000e+02 
1.210462e+01,  1.800000e+02 
1.214478e+01,  1.800000e+02 
1.218426e+01,  1.800000e+02 
1.222307e+01,  1.800000e+02 
1.226122e+01,  1.800000e+02 
1.229869e+01,  1.800000e+02 
1.233550e+01,  1.800000e+02 
1.237163e+01,  1.800000e+02 
1.240710e+01,  1.800000e+02 
1.244189e+01,  1.800000e+02 
1.247601e+01,  1.800000e+02 
1.250946e+01,  1.800000e+02 
1.254224e+01,  1.800000e+02 
1.257434e+01,  1.800000e+02 
1.260578e+01,  1.800000e+02 
1.263654e+01,  1.800000e+02 
1.266663e+01,  1.800000e+02 
1.269605e+01,  1.800000e+02 
1.272479e+01,  1.800000e+02 
1.275287e+01,  1.800000e+02 
1.278027e+01,  1.800000e+02 
1.280700e+01,  1.800000e+02 
1.283306e+01,  1.800000e+02 
1.285844e+01,  1.800000e+02 
1.288316e+01,  1.800000e+02 
1.290720e+01,  1.800000e+02 
1.293057e+01,  1.800000e+02 
1.295327e+01,  1.800000e+02 
1.297530e+01,  1.800000e+02 
1.299666e+01,  1.800000e+02 
1.301735e+01,  1.800000e+02 
1.303736e+01,  1.800000e+02 
1.305672e+01,  1.800000e+02 
1.307540e+01,  1.800000e+02 
1.309341e+01,  1.800000e+02 
1.311076e+01,  1.800000e+02 
1.312744e+01,  1.800000e+02 
1.314345e+01,  1.800000e+02 
1.315880e+01,  1.800000e+02 
1.317348e+01,  1.800000e+02 
1.318750e+01,  1.800000e+02 
1.320085e+01,  1.800000e+02 
1.321354e+01,  1.800000e+02 
1.322557e+01,  1.800000e+02 
1.323694e+01,  1.800000e+02 
1.324766e+01,  1.800000e+02 
1.325771e+01,  1.800000e+02 
1.326710e+01,  1.800000e+02 
1.327584e+01,  1.800000e+02 
1.328392e+01,  1.800000e+02 
1.329135e+01,  1.800000e+02 
1.329813e+01,  1.800000e+02 
1.330425e+01,  1.800000e+02 
1.330973e+01,  1.800000e+02 
1.331455e+01,  1.800000e+02 
1.331873e+01,  1.800000e+02 
1.332227e+01,  1.800000e+02 
1.332516e+01,  1.800000e+02 
1.332740e+01,  1.800000e+02 
1.332901e+01,  1.800000e+02 
1.332997e+01,  1.800000e+02 
1.333030e+01,  1.800000e+02 
1.332999e+01,  1.800000e+02 
1.332905e+01,  1.800000e+02 
1.332748e+01,  1.800000e+02 
1.332528e+01,  1.800000e+02 
1.332245e+01,  1.800000e+02 
1.331899e+01,  1.800000e+02 
1.331491e+01,  1.800000e+02 
1.331021e+01,  1.800000e+02 
1.330488e+01,  1.800000e+02 
1.329894e+01,  1.800000e+02 
1.329239e+01,  1.800000e+02 
1.328522e+01,  1.800000e+02 
1.327744e+01,  1.800000e+02 
1.326906e+01,  1.800000e+02 
1.326007e+01,  1.800000e+02 
1.325048e+01,  1.800000e+02 
1.324028e+01,  1.800000e+02 
1.322949e+01,  1.800000e+02 
1.321811e+01,  1.800000e+02 
1.320613e+01,  1.800000e+02 
1.319356e+01,  1.800000e+02 
1.318041e+01,  1.800000e+02 
1.316668e+01,  1.800000e+02 
1.315236e+01,  1.800000e+02 
1.313747e+01,  1.800000e+02 
1.312200e+01,  1.800000e+02 
1.310597e+01,  1.800000e+02 
1.308936e+01,  1.800000e+02 
1.307219e+01,  1.800000e+02 
1.305446e+01,  1.800000e+02 
1.303618e+01,  1.800000e+02 
1.301734e+01,  1.800000e+02 
1.299794e+01,  1.800000e+02 
1.297801e+01,  1.800000e+02 
1.295752e+01,  1.800000e+02 
1.293650e+01,  1.800000e+02 
1.291494e+01,  1.800000e+02 
1.289285e+01,  1.800000e+02 
1.287023e+01,  1.800000e+02 
1.284709e+01,  1.800000e+02 
1.282343e+01,  1.800000e+02 
1.279925e+01,  1.800000e+02 
1.277455e+01,  1.800000e+02 
1.274935e+01,  1.800000e+02 
1.272364e+01,  1.800000e+02 
1.269744e+01,  1.800000e+02 
1.267073e+01,  1.800000e+02 
1.264354e+01,  1.800000e+02 
1.261586e+01,  1.800000e+02 
1.258769e+01,  1.800000e+02 
1.255905e+01,  1.800000e+02 
1.252993e+01,  1.800000e+02 
1.250034e+01,  1.800000e+02 
1.247029e+01,  1.800000e+02 
1.243978e+01,  1.800000e+02 
1.240881e+01,  1.800000e+02 
1.237739e+01,  1.800000e+02 
1.234552e+01,  1.800000e+02 
1.231322e+01,  1.800000e+02 
1.228048e+01,  1.800000e+02 
1.224730e+01,  1.800000e+02 
1.221370e+01,  1.800000e+02 
1.217968e+01,  1.800000e+02 
1.214524e+01,  1.800000e+02 
1.211039e+01,  1.800000e+02 
1.207514e+01,  1.800000e+02 
1.203948e+01,  1.800000e+02 
1.200343e+01,  1.800000e+02 
1.196699e+01,  1.800000e+02 
1.193017e+01,  1.800000e+02 
1.189296e+01,  1.800000e+02 
1.185538e+01,  1.800000e+02 
1.181744e+01,  1.800000e+02 
1.177913e+01,  1.800000e+02 
1.174046e+01,  1.800000e+02 
1.170144e+01,  1.800000e+02 
1.166208e+01,  1.800000e+02 
1.162237e+01,  1.800000e+02 
1.158233e+01,  1.800000e+02 
1.154196e+01,  1.800000e+02 
1.150127e+01,  1.800000e+02 
1.146026e+01,  1.800000e+02 
1.141895e+01,  1.800000e+02 
1.137732e+01,  1.800000e+02 
1.133540e+01,  1.800000e+02 
1.129318e+01,  1.800000e+02 
1.125067e+01,  1.800000e+02 
1.120789e+01,  1.800000e+02 
1.116483e+01,  1.800000e+02 
1.112150e+01,  1.800000e+02 
1.107790e+01,  1.800000e+02 
1.103405e+01,  1.800000e+02 
1.098995e+01,  1.800000e+02 
1.094561e+01,  1.800000e+02 
1.090103e+01,  1.800000e+02 
1.085621e+01,  1.800000e+02 
1.081117e+01,  1.800000e+02 
1.076591e+01,  1.800000e+02 
1.072044e+01,  1.800000e+02 
1.067477e+01,  1.800000e+02 
1.062889e+01,  1.800000e+02 
1.058282e+01,  1.800000e+02 
1.053657e+01,  1.800000e+02 
1.049013e+01,  1.800000e+02 
1.044352e+01,  1.800000e+02 
1.039675e+01,  1.800000e+02 
1.034981e+01,  1.800000e+02 
1.030272e+01,  1.800000e+02 
1.025549e+01,  1.800000e+02 
1.020811e+01,  1.800000e+02 
1.016060e+01,  1.800000e+02 
1.011296e+01,  1.800000e+02 
1.006520e+01,  1.800000e+02 
1.001733e+01,  1.800000e+02 
9.969352e+00,  1.800000e+02 
9.921273e+00,  1.800000e+02 
9.873101e+00,  1.800000e+02 
9.824842e+00,  1.800000e+02 
9.776503e+00,  1.800000e+02 
9.728091e+00,  1.800000e+02 
9.679613e+00,  1.800000e+02 
9.631075e+00,  1.800000e+02 
9.582485e+00,  1.800000e+02 
9.533848e+00,  1.800000e+02 
9.485173e+00,  1.800000e+02 
9.436466e+00,  1.800000e+02 
9.387733e+00,  1.800000e+02 
9.338981e+00,  1.800000e+02 
9.290218e+00,  1.800000e+02 
9.241451e+00,  1.800000e+02 
9.192685e+00,  1.800000e+02 
9.143928e+00,  1.800000e+02 
9.095187e+00,  1.800000e+02 
9.046468e+00,  1.800000e+02 
8.997779e+00,  1.800000e+02 
8.949125e+00,  1.800000e+02 
8.900515e+00,  1.800000e+02 
8.851955e+00,  1.800000e+02 
8.803452e+00,  1.800000e+02 
8.755012e+00,  1.800000e+02 
8.706642e+00,  1.800000e+02 
8.658349e+00,  1.800000e+02 
8.610141e+00,  1.800000e+02 
8.562022e+00,  1.800000e+02 
8.514002e+00,  1.800000e+02 
8.466085e+00,  1.800000e+02 
8.418279e+00,  1.800000e+02 
8.370591e+00,  1.800000e+02 
8.323027e+00,  1.800000e+02 
8.275595e+00,  1.800000e+02 
8.228299e+00,  1.800000e+02 
8.181148e+00,  1.800000e+02 
8.134148e+00,  1.800000e+02 
8.087306e+00,  1.800000e+02 
8.040627e+00,  1.800000e+02 
7.994119e+00,  1.800000e+02 
7.947789e+00,  1.800000e+02 
7.901642e+00,  1.800000e+02 
7.855685e+00,  1.800000e+02 
7.809925e+00,  1.800000e+02 
7.764369e+00,  1.800000e+02 
7.719021e+00,  1.800000e+02 
7.673890e+00,  1.800000e+02 
7.628981e+00,  1.800000e+02 
7.584300e+00,  1.800000e+02 
7.539855e+00,  1.800000e+02 
7.495650e+00,  1.800000e+02 
7.451693e+00,  1.800000e+02 
7.407989e+00,  1.800000e+02 
7.364546e+00,  1.800000e+02 
7.321368e+00,  1.800000e+02 
7.278462e+00,  1.800000e+02 
7.235834e+00,  1.800000e+02 
7.193490e+00,  1.800000e+02 
7.151435e+00,  1.800000e+02 
7.109677e+00,  1.800000e+02 
7.068221e+00,  1.800000e+02 
7.027072e+00,  1.800000e+02 
6.986237e+00,  1.800000e+02 
6.945721e+00,  1.800000e+02 
6.905530e+00,  1.800000e+02 
6.865669e+00,  1.800000e+02 
6.826145e+00,  1.800000e+02 
6.786963e+00,  1.800000e+02 
6.748128e+00,  1.800000e+02 
6.709646e+00,  1.800000e+02 
6.671522e+00,  1.800000e+02 
6.633761e+00,  1.800000e+02 
6.596370e+00,  1.800000e+02 
6.559353e+00,  1.800000e+02 
6.522716e+00,  1.800000e+02 
6.486463e+00,  1.800000e+02 
6.450601e+00,  1.800000e+02 
6.415133e+00,  1.800000e+02 
6.380065e+00,  1.800000e+02 
6.345402e+00,  1.800000e+02 
6.311149e+00,  1.800000e+02 
6.277310e+00,  1.800000e+02 
6.243891e+00,  1.800000e+02 
6.210897e+00,  1.800000e+02 
6.178331e+00,  1.800000e+02 
6.146198e+00,  1.800000e+02 
6.114504e+00,  1.800000e+02 
6.083252e+00,  1.800000e+02 
6.052447e+00,  1.800000e+02 
6.022093e+00,  1.800000e+02 
5.992195e+00,  1.800000e+02 
5.962757e+00,  1.800000e+02 
5.933783e+00,  1.800000e+02 
5.905277e+00,  1.800000e+02 
5.877243e+00,  1.800000e+02 
5.849686e+00,  1.800000e+02 
5.822608e+00,  1.800000e+02 
5.796014e+00,  1.800000e+02 
5.769909e+00,  1.800000e+02 
5.744294e+00,  1.800000e+02 
5.719175e+00,  1.800000e+02 
5.694554e+00,  1.800000e+02 
5.670435e+00,  1.800000e+02 
5.646822e+00,  1.800000e+02 
5.623717e+00,  1.800000e+02 
5.601125e+00,  1.800000e+02 
5.579048e+00,  1.800000e+02 
5.557490e+00,  1.800000e+02 
5.536453e+00,  1.800000e+02 
5.515941e+00,  1.800000e+02 
5.495956e+00,  1.800000e+02 
5.476502e+00,  1.800000e+02 
5.457581e+00,  1.800000e+02 
5.439195e+00,  1.800000e+02 
5.421348e+00,  1.800000e+02 
5.404042e+00,  1.800000e+02 
5.387279e+00,  1.800000e+02 
5.371062e+00,  1.800000e+02 
5.355393e+00,  1.800000e+02 
5.340274e+00,  1.800000e+02 
5.325708e+00,  1.800000e+02 
5.311696e+00,  1.800000e+02 
5.298241e+00,  1.800000e+02 
5.285344e+00,  1.800000e+02 
5.273007e+00,  1.800000e+02 
5.261233e+00,  1.800000e+02 
5.250022e+00,  1.800000e+02 
5.239376e+00,  1.800000e+02 
5.229298e+00,  1.800000e+02 
5.219787e+00,  1.800000e+02 
5.210846e+00,  1.800000e+02 
5.202476e+00,  1.800000e+02 
5.194678e+00,  1.800000e+02 
5.187453e+00,  1.800000e+02 
5.180803e+00,  1.800000e+02 
5.174727e+00,  1.800000e+02 
5.169228e+00,  1.800000e+02 
5.164305e+00,  1.800000e+02 
5.159960e+00,  1.800000e+02 
5.156193e+00,  1.800000e+02 
5.153004e+00,  1.800000e+02 
5.150395e+00,  1.800000e+02 
5.148365e+00,  1.800000e+02 
5.146915e+00,  1.800000e+02 
5.146045e+00,  1.800000e+02 
5.145755e+00,  1.800000e+02 
##END 
