P 0
150.70091257806587 149.86648343738483
147.9345538998474 147.0014730381006
145.47237136158165 144.64205270927835
130.12791824748135 129.28937861842255
129.0961856646688 128.25764603561004
128.1507733377888 127.31223370873002
127.23002394117523 126.37504235860547
124.37323451864651 123.45248512203293
111.8403554549198 110.48389429026588
109.0822177534568 108.12858444982132
78.09735636205897 76.28874147585375
60.66066466368943 58.87671270775064
56.615944099994095 55.308808795873034
54.51959502734712 53.57007221208937
52.02041809368171 51.099668697068125
36.81983207280226 35.88675121105547
29.59770399311455 28.660512642990028
