##TITLE= Parameter file, TopSpin 3.6.1
##JCAMPDX= 5.0
##DATATYPE= Parameter Values
##NPOINTS= 16	$$ modification sequence number
##ORIGIN= Bruker BioSpin GmbH
##OWNER= nmrsu
$$ 2026-05-15 13:26:16.312 +0200  nmrsu@CZC4323K67
$$ /home/data/2026/cb/mx23826/10177/2/pdata/1/clevels
$$ process /opt/topspin3.6.1/prog/mod/dataserver
##$LEVELS= (0..255)
-8122904.75941462 -4512724.86634146 -2507069.3701897 -1392816.31677205
-773786.842651141 -429881.579250634 -238823.099583686 -132679.499768714
132679.499768714 238823.099583686 429881.579250634 773786.842651141 1392816.31677205
2507069.3701897 4512724.86634146 8122904.75941462 0 0 0 0 0 0 0 0 0 0 0
0 0 0 0 0 0 0 0 0 0 0 0 0 0 0 0 0 0 0 0 0 0 0 0 0 0 0 0 0 0 0 0 0 0 0 0
0 0 0 0 0 0 0 0 0 0 0 0 0 0 0 0 0 0 0 0 0 0 0 0 0 0 0 0 0 0 0 0 0 0 0 0
0 0 0 0 0 0 0 0 0 0 0 0 0 0 0 0 0 0 0 0 0 0 0 0 0 0 0 0 0 0 0 0 0 0 0 0
0 0 0 0 0 0 0 0 0 0 0 0 0 0 0 0 0 0 0 0 0 0 0 0 0 0 0 0 0 0 0 0 0 0 0 0
0 0 0 0 0 0 0 0 0 0 0 0 0 0 0 0 0 0 0 0 0 0 0 0 0 0 0 0 0 0 0 0 0 0 0 0
0 0 0 0 0 0 0 0 0 0 0 0 0 0 0 0 0 0 0 0 0 0 0 0 0 0 0 0 0 0 0 0 0 0 0 0
0 0 0 0 0 0 0 0 0 0 0 0 0
##$LEVSIGN= 3
##$MAXLEV= 8
##$METHOD= 0
##$NEGBASE= -2073.117184
##$NEGINCR= 1.8
##$POSBASE= 2073.117184
##$POSINCR= 1.8
##END=
