##TITLE= Parameter file, TopSpin 3.6.2
##JCAMPDX= 5.0
##DATATYPE= Parameter Values
##NPOINTS= 1	$$ modification sequence number
##ORIGIN= Bruker BioSpin GmbH
##OWNER= nmrsu
$$ 2026-04-20 14:49:51.303 +0100  nmrsu@CZC3047DVN
$$ C:\Data\2026\cb\ga/Vindoline/11/pdata/1/clevels
$$ process C:\Bruker\TopSpin3.6.2\prog\mod\edparproc.exe
##$LEVELS= (0..255)
-205969.950395912 -114427.750219951 -63570.9723444173 -35317.2068580096
-19620.670476672 -10900.37248704 -6055.7624928 -3364.312496 3364.312496
6055.7624928 10900.37248704 19620.670476672 35317.2068580096 63570.9723444173
114427.750219951 205969.950395912 0 0 0 0 0 0 0 0 0 0 0 0 0 0 0 0 0 0 0
0 0 0 0 0 0 0 0 0 0 0 0 0 0 0 0 0 0 0 0 0 0 0 0 0 0 0 0 0 0 0 0 0 0 0 0
0 0 0 0 0 0 0 0 0 0 0 0 0 0 0 0 0 0 0 0 0 0 0 0 0 0 0 0 0 0 0 0 0 0 0 0
0 0 0 0 0 0 0 0 0 0 0 0 0 0 0 0 0 0 0 0 0 0 0 0 0 0 0 0 0 0 0 0 0 0 0 0
0 0 0 0 0 0 0 0 0 0 0 0 0 0 0 0 0 0 0 0 0 0 0 0 0 0 0 0 0 0 0 0 0 0 0 0
0 0 0 0 0 0 0 0 0 0 0 0 0 0 0 0 0 0 0 0 0 0 0 0 0 0 0 0 0 0 0 0 0 0 0 0
0 0 0 0 0 0 0 0 0 0 0 0 0 0 0 0 0 0 0 0 0 0 0 0 0 0 0 0 0 0 0 0 0 0 0 0
0 0 0 0 0
##$LEVSIGN= 3
##$MAXLEV= 8
##$METHOD= 0
##$NEGBASE= -3364.312496
##$NEGINCR= 1.8
##$POSBASE= 3364.312496
##$POSINCR= 1.8
##END=
