##TITLE= Parameter file, TopSpin 4.1.3
##JCAMPDX= 5.0
##DATATYPE= Parameter Values
##NPOINTS= 19	$$ modification sequence number
##ORIGIN= Bruker BioSpin GmbH
##OWNER= nmrsu
$$ 2026-05-12 10:27:30.284 +0100  nmrsu@CZC1087C56
$$ D:/data/2026/va/rc/exp_dataset/run_1/1287752-87-7 (6572)/14/acqu
$$ process C:\Bruker\TopSpin4.1.3\prog\mod\acqdataserver.exe
##$ACQT0= 0
##$AMP= (0..31)
100 100 100 100 100 100 100 100 100 100 100 100 100 100 100 100 100 100
100 100 100 100 100 100 100 100 100 100 100 100 100 100
##$AMPCOIL= (0..32)
0 0 0 0 0 0 0 0 0 0 0 0 0 0 0 0 0 0 0 0 0 0 0 0 0 0 0 0 0 0 0 0 0
##$AQSEQ= 0
##$AQ_mod= 3
##$AUNM= <au_getlinv llim=0.25 ulim=0.6 usepp=1>
##$AUTOPOS= <>
##$BF1= 564.611113006
##$BF2= 150.88269251
##$BF3= 564.611113006
##$BF4= 564.611113006
##$BF5= 564.611113006
##$BF6= 564.611113006
##$BF7= 564.611113006
##$BF8= 564.611113006
##$BWFAC= (0..63)
0 0 0 0 0 0 0 0 0 0 0 0 0 0 0 0 0 0 0 0 0 0 0 0 0 0 0 0 0 0 0 0 0 0 0 0
0 0 0 0 0 0 0 0 0 0 0 0 0 0 0 0 0 0 0 0 0 0 0 0 0 0 0 0
##$BYTORDA= 0
##$CHANFCU= (0..24)
0 1 0 2 0 0 0 0 0 0 0 0 0 0 0 0 0 0 0 0 0 0 0 0 0
##$CHANREC= (0..24)
0 1 0 2 0 0 0 0 0 0 0 0 0 0 0 0 0 0 0 0 0 0 0 0 0
##$CHEMSTR= <none>
##$CNST= (0..63)
1 1 145 1 1 1 1 1 1 1 1 1 1 10 1 1 1 1 1 1 1 1 1 1 1 1 1 1 1 1 1 1 1 1
1 1 1 1 1 1 1 1 1 1 1 1 1 1 1 1 1 1 1 1 1 1 1 1 1 1 1 1 1 1
##$CPDPRG= (0..8)
<> <> <> <> <> <> <> <> <>
##$D= (0..63)
0 1 0 0 0 0 0 0 0 0 0 0 0 0 0 0 0.0001 0 0 0 0 0 0 0 0 0 0 0 0 0 0 0 0
0 0 0 0 0 0 0 0 0 0 0 0 0 0 0 0 0 0 0 0 0 0 0 0 0 0 0 0 0 0 0
##$DATE= 0
##$DATE_START= 0
##$DE= 18
##$DECBNUC= <off>
##$DECIM= 1760
##$DECNUC= <off>
##$DECSTAT= 4
##$DIGMOD= 1
##$DIGTYP= 17
##$DR= 32
##$DS= 16
##$DSPFIRM= 0
##$DSPFVS= 0
##$DTYPA= 0
##$EXP= <F19_HMBC.cw>
##$ExpStatus= 0
##$FCUCHAN= (0..9)
0 1 3 0 0 0 0 0 0 0
##$FILCOR= 0
##$FL1= 0
##$FL2= 0
##$FL3= 0
##$FL4= 0
##$FN_INDIRECT= (0..7)
0 0 0 0 0 0 0 0
##$FOV= 0
##$FQ1LIST= <>
##$FQ2LIST= <>
##$FQ3LIST= <>
##$FQ4LIST= <>
##$FQ5LIST= <>
##$FQ6LIST= <>
##$FQ7LIST= <>
##$FQ8LIST= <>
##$FS= (0..7)
83 83 83 83 83 83 83 83
##$FTLPGN= 0
##$FW= 2.4e+08
##$FnILOOP= 0
##$FnMODE= 0
##$FnTYPE= 0
##$GPNAM= (0..31)
<> <SMSQ10.100> <SMSQ10.100> <SMSQ10.100> <> <> <> <> <> <> <> <> <> <>
<> <> <> <> <> <> <> <> <> <> <> <> <> <> <> <> <> <>
##$GPX= (0..31)
0 0 0 0 0 0 0 0 0 0 0 0 0 0 0 0 0 0 0 0 0 0 0 0 0 0 0 0 0 0 0 0
##$GPY= (0..31)
0 0 0 0 0 0 0 0 0 0 0 0 0 0 0 0 0 0 0 0 0 0 0 0 0 0 0 0 0 0 0 0
##$GPZ= (0..31)
0 70 30 66.7233 0 0 0 0 0 0 0 0 0 0 0 0 0 0 0 0 0 0 0 0 0 0 0 0 0 0 0 0
##$GRPDLY= 68
##$HDDUTY= 20
##$HDRATE= 1
##$HGAIN= (0..3)
0 0 0 0
##$HL1= 0
##$HL2= 0
##$HL3= 0
##$HL4= 0
##$HOLDER= 0
##$HPMOD= (0..32)
1 0 0 0 0 0 0 0 0 0 0 0 0 0 0 0 0 0 0 0 0 0 0 0 0 0 0 0 0 0 0 0 0
##$HPPRGN= 0
##$IN= (0..63)
0 0 0 0 0 0 0 0 0 0 0 0 0 0 0 0 0 0 0 0 0 0 0 0 0 0 0 0 0 0 0 0 0 0 0 0
0 0 0 0 0 0 0 0 0 0 0 0 0 0 0 0 0 0 0 0 0 0 0 0 0 0 0 0
##$INF= (0..7)
0 30.125 0 0 0 0 0 0
##$INP= (0..63)
0 0 0 0 0 0 0 0 0 0 0 0 0 0 0 0 0 0 0 0 0 0 0 0 0 0 0 0 0 0 0 0 0 0 0 0
0 0 0 0 0 0 0 0 0 0 0 0 0 0 0 0 0 0 0 0 0 0 0 0 0 0 0 0
##$INSTRUM= <>
##$INTEGFAC= (0..63)
0 0 0 0 0 0 0 0 0 0 0 0 0 0 0 0 0 0 0 0 0 0 0 0 0 0 0 0 0 0 0 0 0 0 0 0
0 0 0 0 0 0 0 0 0 0 0 0 0 0 0 0 0 0 0 0 0 0 0 0 0 0 0 0
##$L= (0..31)
1 1 1 1 1 1 1 1 1 1 1 1 1 1 1 1 1 1 1 1 1 1 1 1 1 1 1 1 1 1 1 1
##$LFILTER= 10
##$LGAIN= -10
##$LINPSTP= 0
##$LOCKED= no
##$LOCKFLD= 0
##$LOCKGN= 0
##$LOCKPOW= -20
##$LOCKPPM= 0
##$LOCNUC= <2H>
##$LOCPHAS= 0
##$LOCSHFT= no
##$LOCSW= 0
##$LTIME= 0.1
##$MASR= 5000
##$MULEXPNO= (0..15)
0 0 0 0 0 0 0 0 0 0 0 0 0 0 0 0
##$NBL= 1
##$NC= 0
##$NLOGCH= 4
##$NOVFLW= 0
##$NS= 4
##$NUC1= <19F>
##$NUC2= <13C>
##$NUC3= <off>
##$NUC4= <off>
##$NUC5= <off>
##$NUC6= <off>
##$NUC7= <off>
##$NUC8= <off>
##$NUCLEUS= <off>
##$NUSLIST= <automatic>
##$NusAMOUNT= 50
##$NusFPNZ= no
##$NusJSP= 0
##$NusSEED= 54321
##$NusSPTYPE= 0
##$NusT2= 1
##$NusTD= 0
##$O1= -33876.66678036
##$O2= 15088.27
##$O3= -59848.778
##$O4= -59848.778
##$O5= -59848.778
##$O6= -59848.778
##$O7= -59848.778
##$O8= -59848.778
##$OVERFLW= 0
##$P= (0..63)
14 14 28 10 20 16.5 25 50 0 25 50 0 0 0 500 0 1000 2000 1000 600 2000 0
0 0 2000 0 1000 14 0 0 0 1730 0 0 0 0 40000 0 0 160 0 0 0 3160 0 0 0 0
0 0 0 0 0 3700 0 0 0 0 0 0 2500 0 0 1500
##$PACOIL= (0..32)
0 0 0 0 0 0 0 0 0 0 0 0 0 0 0 0 0 0 0 0 0 0 0 0 0 0 0 0 0 0 0 0 0
##$PAPS= 0
##$PARMODE= 1
##$PCPD= (0..9)
0 65 55 0 0 0 0 0 0 0
##$PEXSEL= (0..9)
1 1 1 1 1 1 1 1 1 1
##$PHCOR= (0..31)
0 0 0 0 0 0 0 0 0 0 0 0 0 0 0 0 0 0 0 0 0 0 0 0 0 0 0 0 0 0 0 0
##$PHLIST= <>
##$PH_ref= 0
##$PL= (0..63)
120 120 120 120 120 120 120 120 120 120 120 120 120 120 120 120 120 120
120 120 120 120 120 120 120 120 120 120 120 120 120 120 120 120 120 120
120 120 120 120 120 120 120 120 120 120 120 120 120 120 120 120 120 120
120 120 120 120 120 120 120 120 120 120
##$PLSTEP= 0.1
##$PLSTRT= -6
##$PLW= (0..63)
0 9.4757 34.123 0 0 0 0 0 0 7.4289e-05 2.9716 0 1.025423 0.5139418 0 5.4597
0 0 9.4757 0.43958 0 0.054597 0 0 0.0060663 1.0085 0.23697 0 0 2.9716 1.025423
3.7914 0 0 0 0 0 0 0 0 0 0 0 0 0 0 0 0 0 0 0 0 0 0 0 0 0 0 0 0 0 0 0 0
##$PLWMAX= (0..7)
0 0 0 0 0 0 0 0
##$PQPHASE= 0
##$PQSCALE= 1
##$PR= 1
##$PRECHAN= (0..32)
-1 2 3 0 1 4 -1 -1 -1 -1 -1 -1 -1 -1 -1 -1 -1 -1 -1 -1 -1 -1 -1 -1 -1 -1
-1 -1 -1 -1 -1 -1 -1
##$PROBHD= <>
##$PROBINPUTS= (0..15)
<> <> <> <> <> <> <> <> <> <> <> <> <> <> <> <>
##$PULPROG= <hmbcgplpndqf>
##$PW= 0
##$PYNM= <>
##$ProjAngle= 0
##$QNP= 0
##$RECCHAN= (0..9)
0 1 3 0 0 0 0 0 0 0
##$RECPH= 0
##$RECPRE= (0..24)
-1 0 -1 3 -1 -1 -1 -1 -1 -1 -1 -1 -1 -1 -1 -1 -1 -1 -1 -1 -1 -1 -1 -1 -1
##$RECPRFX= (0..32)
1 1 1 0 1 0 0 0 0 0 0 0 0 0 0 0 0 0 0 0 0 0 0 0 0 0 0 0 0 0 0 0 0
##$RECSEL= (0..24)
0 1 0 3 0 0 0 0 0 0 0 0 0 0 0 0 0 0 0 0 0 0 0 0 0
##$RG= 101
##$RO= 0
##$RSEL= (0..24)
0 1 0 3 0 0 0 0 0 0 0 0 0 0 0 0 0 0 0 0 0 0 0 0 0
##$SAMPLEID= <>
##$SELREC= (0..24)
0 0 0 0 0 0 0 0 0 0 0 0 0 0 0 0 0 0 0 0 0 0 0 0 0
##$SFO1= 564.57723633922
##$SFO2= 150.89778078
##$SFO3= 564.551264228
##$SFO4= 564.551264228
##$SFO5= 564.551264228
##$SFO6= 564.551264228
##$SFO7= 564.551264228
##$SFO8= 564.551264228
##$SHAPPR= (0..15)
0 1 1 1 1 1 1 1 1 1 1 1 1 1 1 1
##$SOLVENT= <CDCl3>
##$SOLVOLD= <off>
##$SP= (0..63)
120 120 120 120 120 120 120 120 120 120 120 120 120 120 120 120 120 120
120 120 120 120 120 120 120 120 120 120 120 120 120 120 120 120 120 120
120 120 120 120 120 120 120 120 120 120 120 120 120 120 120 120 120 120
120 120 120 120 120 120 120 120 120 120
##$SPECTR= 0
##$SPINCNT= 0
##$SPNAM= (0..63)
<> <0.0> <0.0> <Crp60,0.5,20.1> <Bip720,100,10.1> <0.0> <Crp120,1,20.2>
<Crp60comp.4> <Crp120,1,20.2> <> <0.0> <0.0> <> <> <Crp42,0.75,20.2> <>
<> <> <Crp60_xfilt.2> <0.0> <0.0> <0.0> <0.0> <> <> <> <Q3_surbop.1> <>
<> <0.0> <0.0> <Crp42,1.5,20.2> <Q3_surbop.1> <0.0> <0.0> <0.0> <0.0> <0.0>
<> <> <0.0> <Crp120,1,20.2> <> <> <Q5tr.1000> <> <0.0> <> <> <> <> <> <>
<> <> <> <> <> <> <Crp38,1.25,25.4> <Crp38,2.5,25.4> <0.0> <> <>
##$SPOAL= (0..63)
0.5 0.5 0.5 0.5 0.5 0.5 0.5 0.5 0.5 0.5 0.5 0.5 0.5 0.5 0.5 0.5 0.5 0.5
0.5 0.5 0.5 0.5 0.5 0.5 0.5 0.5 0.5 0.5 0.5 0.5 0.5 0.5 0.5 0.5 0.5 0.5
0.5 0.5 0.5 0.5 0.5 0.5 0.5 0.5 0 0.5 0.5 0.5 0.5 0.5 0.5 0.5 0.5 0.5 0.5
0.5 0.5 0.5 0.5 0.5 0.5 0.5 0.5 0.5
##$SPOFFS= (0..63)
0 0 0 0 0 0 0 0 0 0 0 0 0 0 0 0 0 0 0 0 0 0 0 0 0 0 0 0 0 0 0 0 0 0 0 0
0 0 0 0 0 0 0 0 0 0 0 0 0 0 0 0 0 0 0 0 0 0 0 0 0 0 0 0
##$SPPEX= (0..63)
0 0 0 0 0 0 0 0 0 0 0 0 0 0 0 0 0 0 0 0 0 0 0 0 0 0 0 0 0 0 0 0 0 0 0 0
0 0 0 0 0 0 0 0 0 0 0 0 0 0 0 0 0 0 0 0 0 0 0 0 0 0 0 0
##$SPW= (0..63)
0 0 0 5.2136 8.5308 0 7.4289e-05 5.2136 2.8376 0 0 0 0 0 1.4598 0 0 0 1.5068
0 0 0 0 0 0 0 0.00058766 0 0 0 0 0.72991 0.09416 0 0 0 0 0 0 0 0 2.8376
0 0 0.083887 0 0 0 0 0 0 0 0 0 0 0 0 0 0 0.52831 0.26416 0 0 0
##$SUBNAM= (0..9)
<> <> <> <> <> <> <> <> <> <>
##$SW= 20.1276913630443
##$SWIBOX= (0..32)
0 3 0 2 0 0 0 0 0 0 0 0 0 0 0 0 0 0 0 0 0 0 0 0 0 0 0 0 0 0 0 0 0
##$SW_h= 11363.6363636364
##$SWfinal= 0
##$SigLockShift= 0
##$TD= 1874
##$TD0= 1
##$TD_INDIRECT= (0..7)
0 64 0 0 0 0 0 0
##$TDav= 0
##$TE= 298
##$TE1= 300
##$TE2= 300
##$TE3= 300
##$TE4= 300
##$TEG= 300
##$TE_MAGNET= 300
##$TE_PIDX= 0
##$TE_RAW= 300
##$TE_STAB= (0..9)
0 0 0 0 0 0 0 0 0 0
##$TOTROT= (0..63)
0 0 0 0 0 0 0 0 0 0 0 0 0 0 0 0 0 0 0 0 0 0 0 0 0 0 0 0 0 0 0 0 0 0 0 0
0 0 0 0 0 0 0 0 0 0 0 0 0 0 0 0 0 0 0 0 0 0 0 0 0 0 0 0
##$TUBE_TYPE= <>
##$USERA1= <>
##$USERA2= <>
##$USERA3= <>
##$USERA4= <>
##$USERA5= <>
##$UUID= <>
##$V9= 5
##$VALIDCODE= 0
##$VALIST= <>
##$VCLIST= <>
##$VDLIST= <>
##$VPLIST= <>
##$VTLIST= <>
##$WBST= 1024
##$WBSW= (0..7)
4 10 10 10 10 10 10 10
##$XGAIN= (0..3)
0 0 0 0
##$XL= 0
##$YL= 0
##$YMAX_a= 0
##$YMIN_a= 0
##$ZGOPTNS= <>
##$ZL1= 120
##$ZL2= 120
##$ZL3= 120
##$ZL4= 120
##$scaledByNS= no
##$scaledByRG= no
##$shimCoilTempK= 300
##END=
