##TITLE= Parameter file, TopSpin 4.1.3
##JCAMPDX= 5.0
##DATATYPE= Parameter Values
##NPOINTS= 41	$$ modification sequence number
##ORIGIN= Bruker BioSpin GmbH
##OWNER= nmrsu
$$ 2026-05-05 15:27:02.035 +0100  nmrsu@CZC1087C56
$$ D:/data/2026/cb/ga/Vinpocetine/3/pdata/1/clevels
$$ process C:\Bruker\TopSpin4.1.3\prog\mod\dataserver.exe
##$LEVELS= (0..255)
-4227320247187.14 -1082781820450.55 -277342714093.292 -71038301168.2355
-18195683450.0191 -4660625194.83134 4660625194.83134 18195683450.0191 71038301168.2355
277342714093.292 1082781820450.55 4227320247187.14 0 0 0 0 0 0 0 0 0 0
0 0 0 0 0 0 0 0 0 0 0 0 0 0 0 0 0 0 0 0 0 0 0 0 0 0 0 0 0 0 0 0 0 0 0 0
0 0 0 0 0 0 0 0 0 0 0 0 0 0 0 0 0 0 0 0 0 0 0 0 0 0 0 0 0 0 0 0 0 0 0 0
0 0 0 0 0 0 0 0 0 0 0 0 0 0 0 0 0 0 0 0 0 0 0 0 0 0 0 0 0 0 0 0 0 0 0 0
0 0 0 0 0 0 0 0 0 0 0 0 0 0 0 0 0 0 0 0 0 0 0 0 0 0 0 0 0 0 0 0 0 0 0 0
0 0 0 0 0 0 0 0 0 0 0 0 0 0 0 0 0 0 0 0 0 0 0 0 0 0 0 0 0 0 0 0 0 0 0 0
0 0 0 0 0 0 0 0 0 0 0 0 0 0 0 0 0 0 0 0 0 0 0 0 0 0 0 0 0 0 0 0 0 0 0 0
0 0 0 0 0 0 0 0 0 0 0 0 0 0 0 0 0 0
##$LEVSIGN= 3
##$MAXLEV= 6
##$METHOD= 0
##$NEGBASE= -102986240
##$NEGINCR= 1.8
##$POSBASE= 102986240
##$POSINCR= 1.8
##END=
