0
130
46
207
240
7
200
41
111
147
55
212
76
222
3
172
123
250
54
241
83
252
247
66
194
49
72
197
2
90
59
98
27
104
103
215
100
119
26
48
121
205
63
189
167
150
126
25
224
157
176
248
107
18
57
12
45
142
245
125
35
120
11
71
153
1
4
44
109
173
133
140
183
146
229
53
217
40
88
216
52
99
96
61
226
181
209
117
156
56
195
182
139
155
199
143
220
115
186
23
113
244
51
124
10
170
161
122
127
108
34
132
251
168
43
86
102
20
163
32
138
116
92
75
62
242
159
84
