P 0
171.991541   171.666774
170.819912   170.462256
161.237213   160.752118
153.808670   153.479791
130.618622   130.067751
125.109907   124.818027
124.267156   123.782060
122.811868   122.322661
104.776992   104.365893
95.930159   95.560171
83.547882   83.140895
79.708226   79.416346
77.636291   76.719542
76.592102   76.144005
67.157399   66.812076
55.564430   55.145110
53.188283   51.732996
51.441116   50.873800
44.263342   43.881021
43.099934   42.721724
38.544967   38.100980
31.260307   30.614883
21.274733   20.904744
8.020928   7.511166
