##TITLE= Parameter file, TopSpin 3.6.1
##JCAMPDX= 5.0
##DATATYPE= Parameter Values
##NPOINTS= 9	$$ modification sequence number
##ORIGIN= Bruker BioSpin GmbH
##OWNER= nmrsu
$$ 2026-05-15 12:09:20.680 +0200  nmrsu@CZC4323K67
$$ /home/data/2026/cb/mx23826/10177/9/pdata/1/clevels
$$ process /opt/topspin3.6.1/prog/mod/dataserver
##$LEVELS= (0..255)
-782774.407852521 -434874.671029181 -241597.039460654 -134220.577478141
-74566.9874878567 -41426.1041599202 -23014.5023110668 -12785.8346172593
12785.8346172593 23014.5023110668 41426.1041599202 74566.9874878567 134220.577478141
241597.039460654 434874.671029181 782774.407852521 0 0 0 0 0 0 0 0 0 0
0 0 0 0 0 0 0 0 0 0 0 0 0 0 0 0 0 0 0 0 0 0 0 0 0 0 0 0 0 0 0 0 0 0 0 0
0 0 0 0 0 0 0 0 0 0 0 0 0 0 0 0 0 0 0 0 0 0 0 0 0 0 0 0 0 0 0 0 0 0 0 0
0 0 0 0 0 0 0 0 0 0 0 0 0 0 0 0 0 0 0 0 0 0 0 0 0 0 0 0 0 0 0 0 0 0 0 0
0 0 0 0 0 0 0 0 0 0 0 0 0 0 0 0 0 0 0 0 0 0 0 0 0 0 0 0 0 0 0 0 0 0 0 0
0 0 0 0 0 0 0 0 0 0 0 0 0 0 0 0 0 0 0 0 0 0 0 0 0 0 0 0 0 0 0 0 0 0 0 0
0 0 0 0 0 0 0 0 0 0 0 0 0 0 0 0 0 0 0 0 0 0 0 0 0 0 0 0 0 0 0 0 0 0 0 0
0 0 0 0 0 0 0 0 0 0 0 0 0 0
##$LEVSIGN= 3
##$MAXLEV= 8
##$METHOD= 0
##$NEGBASE= -1343.945312
##$NEGINCR= 1.8
##$POSBASE= 1343.945312
##$POSINCR= 1.8
##END=
