##TITLE= Parameter file, TopSpin 4.1.3
##JCAMPDX= 5.0
##DATATYPE= Parameter Values
##NPOINTS= 2	$$ modification sequence number
##ORIGIN= Bruker BioSpin GmbH
##OWNER= nmrsu
$$ 2026-02-16 19:19:29.898 -0000  nmrsu@CZC1087C56
$$ D:\data\2026\cb\ga/1,4-diaoxa-8-azaspira[4,5]decane/12/pdata/1/clevels
$$ process C:\Bruker\TopSpin4.1.3\prog\mod\proc2d.exe
##$LEVELS= (0..255)
505588160 649083311.13 833305006.19 1069812181.93 1373444412.43 1763253013.85
2263696413.71 2906174787.85 3731000255.33 4789926250.63 6149394777.9 7894705295.21
10135366804.25 13011968960.89 16705003332.32 21446188288 0 0 0 0 0 0 0
0 0 0 0 0 0 0 0 0 0 0 0 0 0 0 0 0 0 0 0 0 0 0 0 0 0 0 0 0 0 0 0 0 0 0 0
0 0 0 0 0 0 0 0 0 0 0 0 0 0 0 0 0 0 0 0 0 0 0 0 0 0 0 0 0 0 0 0 0 0 0 0
0 0 0 0 0 0 0 0 0 0 0 0 0 0 0 0 0 0 0 0 0 0 0 0 0 0 0 0 0 0 0 0 0 0 0 0
0 0 0 0 0 0 0 0 0 0 0 0 0 0 0 0 0 0 0 0 0 0 0 0 0 0 0 0 0 0 0 0 0 0 0 0
0 0 0 0 0 0 0 0 0 0 0 0 0 0 0 0 0 0 0 0 0 0 0 0 0 0 0 0 0 0 0 0 0 0 0 0
0 0 0 0 0 0 0 0 0 0 0 0 0 0 0 0 0 0 0 0 0 0 0 0 0 0 0 0 0 0 0 0 0 0 0 0
0 0 0 0 0 0 0 0 0 0 0 0 0 0 0 0 0
##$LEVSIGN= 1
##$MAXLEV= 16
##$METHOD= 0
##$NEGBASE= -505588160
##$NEGINCR= 1.8
##$POSBASE= 505588160
##$POSINCR= 1.8
##END=
