##TITLE= Parameter file, TopSpin 4.1.3
##JCAMPDX= 5.0
##DATATYPE= Parameter Values
##NPOINTS= 8	$$ modification sequence number
##ORIGIN= Bruker BioSpin GmbH
##OWNER= nmrsu
$$ 2026-05-12 16:54:42.520 +0100  nmrsu@CZC1087C56
$$ D:/data/2026/va/rc/exp_dataset/run_1/132-32-1 (4294)/11/pdata/1/clevels
$$ process C:\Bruker\TopSpin4.1.3\prog\mod\dataserver.exe
##$LEVELS= (0..255)
-5075995629.02815 -2819997571.6823 -1566665317.60128 -870369620.8896 -483538678.272
-268632599.04 -149240332.8 -82911296 82911296 149240332.8 268632599.04
483538678.272 870369620.8896 1566665317.60128 2819997571.6823 5075995629.02815
0 0 0 0 0 0 0 0 0 0 0 0 0 0 0 0 0 0 0 0 0 0 0 0 0 0 0 0 0 0 0 0 0 0 0 0
0 0 0 0 0 0 0 0 0 0 0 0 0 0 0 0 0 0 0 0 0 0 0 0 0 0 0 0 0 0 0 0 0 0 0 0
0 0 0 0 0 0 0 0 0 0 0 0 0 0 0 0 0 0 0 0 0 0 0 0 0 0 0 0 0 0 0 0 0 0 0 0
0 0 0 0 0 0 0 0 0 0 0 0 0 0 0 0 0 0 0 0 0 0 0 0 0 0 0 0 0 0 0 0 0 0 0 0
0 0 0 0 0 0 0 0 0 0 0 0 0 0 0 0 0 0 0 0 0 0 0 0 0 0 0 0 0 0 0 0 0 0 0 0
0 0 0 0 0 0 0 0 0 0 0 0 0 0 0 0 0 0 0 0 0 0 0 0 0 0 0 0 0 0 0 0 0 0 0 0
0 0 0 0 0 0 0 0 0 0 0 0 0 0 0 0 0 0 0 0 0 0 0 0
##$LEVSIGN= 3
##$MAXLEV= 8
##$METHOD= 0
##$NEGBASE= -82911296
##$NEGINCR= 1.8
##$POSBASE= 82911296
##$POSINCR= 1.8
##END=
