##TITLE= Parameter file, TopSpin 4.1.3
##JCAMPDX= 5.0
##DATATYPE= Parameter Values
##NPOINTS= 1	$$ modification sequence number
##ORIGIN= Bruker BioSpin GmbH
##OWNER= nmrsu
$$ 2026-05-12 10:20:55.758 +0100  nmrsu@CZC1087C56
$$ D:\data\2026\va\rc\exp_dataset\run_1/1287752-87-7 (6572)/14/pdata/1/clevels
$$ process C:\Bruker\TopSpin4.1.3\prog\mod\edparproc.exe
##$LEVELS= (0..255)
-17641886030.442 -9801047794.68998 -5445026552.60554 -3025014751.44752
-1680563750.80418 -933646528.224545 -518692515.680303 -288162508.711279
288162508.711279 518692515.680303 933646528.224545 1680563750.80418 3025014751.44752
5445026552.60554 9801047794.68998 17641886030.442 0 0 0 0 0 0 0 0 0 0 0
0 0 0 0 0 0 0 0 0 0 0 0 0 0 0 0 0 0 0 0 0 0 0 0 0 0 0 0 0 0 0 0 0 0 0 0
0 0 0 0 0 0 0 0 0 0 0 0 0 0 0 0 0 0 0 0 0 0 0 0 0 0 0 0 0 0 0 0 0 0 0 0
0 0 0 0 0 0 0 0 0 0 0 0 0 0 0 0 0 0 0 0 0 0 0 0 0 0 0 0 0 0 0 0 0 0 0 0
0 0 0 0 0 0 0 0 0 0 0 0 0 0 0 0 0 0 0 0 0 0 0 0 0 0 0 0 0 0 0 0 0 0 0 0
0 0 0 0 0 0 0 0 0 0 0 0 0 0 0 0 0 0 0 0 0 0 0 0 0 0 0 0 0 0 0 0 0 0 0 0
0 0 0 0 0 0 0 0 0 0 0 0 0 0 0 0 0 0 0 0 0 0 0 0 0 0 0 0 0 0 0 0 0 0 0 0
0 0 0 0 0 0 0 0 0 0 0 0 0
##$LEVSIGN= 3
##$MAXLEV= 8
##$METHOD= 0
##$NEGBASE= -25470208
##$NEGINCR= 1.8
##$POSBASE= 25470208
##$POSINCR= 1.8
##END=
