##TITLE= Parameter file, TopSpin 3.6.1
##JCAMPDX= 5.0
##DATATYPE= Parameter Values
##NPOINTS= 31	$$ modification sequence number
##ORIGIN= Bruker BioSpin GmbH
##OWNER= nmrsu
$$ 2026-05-15 11:39:35.150 +0200  nmrsu@CZC4323K67
$$ /home/data/2026/cb/mx23826/10177/3/acqus
$$ process /opt/topspin3.6.1/prog/mod/go4
##$ACQT0= -1.88285750379802
##$AMP= (0..31)
100 100 100 100 100 100 100 100 100 100 100 100 100 100 100 100 100 100
100 100 100 100 100 100 100 100 100 100 100 100 100 100
##$AMPCOIL= (0..19)
-1 0 0 0 0 0 0 0 0 0 0 0 0 0 0 0 0 0 0 0
##$ANAVPT= -1
##$AQSEQ= 0
##$AQ_mod= 3
##$AUNM= <au_zg>
##$AUTOPOS= <>
##$BF1= 700.05
##$BF2= 700.05
##$BF3= 700.05
##$BF4= 700.05
##$BF5= 700.05
##$BF6= 700.05
##$BF7= 700.05
##$BF8= 700.05
##$BWFAC= (0..63)
0 0 0 0 0 0 0 0 0 0 0 0 0 0 0 0 0 0 0 0 0 0 0 0 0 0 0 0 0 0 0 0 0 0 0 0
0 0 0 0 0 0 0 0 0 0 0 0 0 0 0 0 0 0 0 0 0 0 0 0 0 0 0 0
##$BYTORDA= 0
##$CAGPARS= (0..11)
0 0 0 0 0 0 0 0 0 0 0 0
##$CHEMSTR= <none>
##$CNST= (0..63)
1 1 1 1 1 1 1 1 1 1 1 1 1 1 1 1 1 1 1 1 1 1 1 1 1 1 1 1 1 1 1 1 1 1 1 1
1 1 1 1 1 1 1 1 1 1 1 1 1 1 1 1 1 1 1 1 1 1 1 1 1 1 1 1
##$CPDPRG= (0..8)
<> <> <> <> <> <> <> <> <>
##$D= (0..63)
0 1 0 0 0 0 0 0 0 0 0 0 0 0 0 0 0.0002 0 0 0 0 0 0 0 0 0 0 0 0 0 0 0 0
0 0 0 0 0 0 0 0 0 0 0 0 0 0 0 0 0 0 0 0 0 0 0 0 0 0 0 0 0 0 0
##$DATE= 1778837975
##$DE= 61.56718
##$DECBNUC= <off>
##$DECIM= 1904
##$DECNUC= <off>
##$DECSTAT= 4
##$DIGMOD= 3
##$DIGTYP= 12
##$DQDMODE= 0
##$DR= 22
##$DS= 2
##$DSPFIRM= 4
##$DSPFVS= 21
##$DTYPA= 0
##$EXP= <PROTON>
##$FCUCHAN= (0..9)
0 2 0 0 0 0 0 0 0 0
##$FL1= 0
##$FL2= 0
##$FL3= 0
##$FL4= 0
##$FN_INDIRECT= (0..7)
0 0 0 0 0 0 0 0
##$FOV= 0
##$FQ1LIST= <>
##$FQ2LIST= <>
##$FQ3LIST= <>
##$FQ4LIST= <>
##$FQ5LIST= <>
##$FQ6LIST= <>
##$FQ7LIST= <>
##$FQ8LIST= <>
##$FRQLO3= 259699.800000072
##$FRQLO3N= 1
##$FS= (0..7)
83 83 83 83 83 83 83 83
##$FTLPGN= 0
##$FW= 4032000
##$FnILOOP= 0
##$FnMODE= 0
##$FnTYPE= 0
##$GPNAM= (0..31)
<> <> <> <> <> <> <> <> <> <> <> <> <> <> <> <> <> <> <> <> <> <> <> <>
<> <> <> <> <> <> <> <>
##$GPX= (0..31)
0 0 0 0 0 0 0 0 0 0 0 0 0 0 0 0 0 0 0 0 0 0 0 0 0 0 0 0 0 0 0 0
##$GPY= (0..31)
0 0 0 0 0 0 0 0 0 0 0 0 0 0 0 0 0 0 0 0 0 0 0 0 0 0 0 0 0 0 0 0
##$GPZ= (0..31)
0 0 0 0 0 0 0 0 0 0 0 0 0 0 0 0 0 0 0 0 0 0 0 0 0 0 0 0 0 0 0 0
##$GRDPROG= <>
##$GRPDLY= 76
##$HDDUTY= 20
##$HDRATE= 1
##$HGAIN= (0..3)
0 0 0 0
##$HL1= 0
##$HL2= 0
##$HL3= 0
##$HL4= 0
##$HOLDER= 0
##$HPMOD= (0..7)
0 0 0 0 0 0 0 0
##$HPPRGN= 0
##$IN= (0..63)
0 0 0 0 0 0 0 0 0 0 0 0 0 0 0 0 0 0 0 0 0 0 0 0 0 0 0 0 0 0 0 0 0 0 0 0
0 0 0 0 0 0 0 0 0 0 0 0 0 0 0 0 0 0 0 0 0 0 0 0 0 0 0 0
##$INF= (0..7)
0 0 0 0 0 0 0 0
##$INP= (0..63)
0 0 0 0 0 0 0 0 0 0 0 0 0 0 0 0 0 0 0 0 0 0 0 0 0 0 0 0 0 0 0 0 0 0 0 0
0 0 0 0 0 0 0 0 0 0 0 0 0 0 0 0 0 0 0 0 0 0 0 0 0 0 0 0
##$INSTRUM= <spect>
##$INTEGFAC= (0..63)
0 0 0 0 0 0 0 0 0 0 0 0 0 0 0 0 0 0 0 0 0 0 0 0 0 0 0 0 0 0 0 0 0 0 0 0
0 0 0 0 0 0 0 0 0 0 0 0 0 0 0 0 0 0 0 0 0 0 0 0 0 0 0 0
##$L= (0..31)
1 1 1 1 1 1 1 1 1 1 1 1 1 1 1 1 1 1 1 1 1 1 1 1 1 1 1 1 1 1 1 1
##$LFILTER= 50
##$LGAIN= -9.39999961853027
##$LINPSTP= 0
##$LOCKED= yes
##$LOCKFLD= -4811
##$LOCKGN= 130.926361083984
##$LOCKPOW= -30
##$LOCKPPM= 7.23999977111816
##$LOCNUC= <2H>
##$LOCPHAS= 299.3788
##$LOCSHFT= yes
##$LOCSW= 0
##$LTIME= 0.46399998664856
##$MASR= 4200
##$MASRLST= <masrlst>
##$MULEXPNO= (0..15)
0 0 0 0 0 0 0 0 0 0 0 0 0 0 0 0
##$NBL= 1
##$NC= -6
##$NLOGCH= 1
##$NOVFLW= 0
##$NS= 4
##$NUC1= <1H>
##$NUC2= <off>
##$NUC3= <off>
##$NUC4= <off>
##$NUC5= <off>
##$NUC6= <off>
##$NUC7= <off>
##$NUC8= <off>
##$NUCLEUS= <off>
##$NUSLIST= <automatic>
##$NusAMOUNT= 25
##$NusFPNZ= no
##$NusJSP= 0
##$NusSEED= 54321
##$NusSPTYPE= 0
##$NusT2= 1
##$NusTD= 0
##$O1= 2800.2
##$O2= 4322.808
##$O3= 4322.808
##$O4= 4322.808
##$O5= 4322.808
##$O6= 4322.808
##$O7= 4322.808
##$O8= 4322.808
##$OVERFLW= 0
##$P= (0..63)
3.679287 11.03786 21.38 0 0 16.5 25 50 20000 0 0 80000 80000 1000 0 0 1000
2500 100000 600 0 0 0 0 0 154 100000 10.69 0 1000 0 0 20000 0 0 0 0 0 0
0 2000 0 0 0 171 0 80000 46600 10000 0 80000 0 0 0 0 0 0 0 0 0 0 0 0 0
##$PACOIL= (0..15)
1 4 0 0 2 3 0 0 0 0 0 0 0 0 0 0
##$PAPS= 0
##$PARMODE= 0
##$PCPD= (0..9)
0 65 0 0 0 0 0 0 0 0
##$PEXSEL= (0..9)
1 1 1 1 1 1 1 1 1 1
##$PHCOR= (0..31)
0 0 0 0 0 0 0 0 0 0 0 0 0 0 0 0 0 0 0 0 0 0 0 0 0 0 0 0 0 0 0 0
##$PHLIST= <>
##$PHP= 1
##$PH_ref= 0
##$PL= (0..63)
120 120 120 120 120 120 120 120 120 120 120 120 120 120 120 120 120 120
120 120 120 120 120 120 120 120 120 120 120 120 120 120 120 120 120 120
120 120 120 120 120 120 120 120 120 120 120 120 120 120 120 120 120 120
120 120 120 120 120 120 120 120 120 120
##$PLSTEP= 0.1
##$PLSTRT= -6
##$PLW= (0..63)
0 0.22 0 0 0 0 0 0 0 1.0047e-06 0.040189 0.0039248 0 0 0 0 0 0 0.22 0.0059452
0 0 0 0 0 0 0 0.0042365 0 0.040189 0 0 4.0189e-08 0 0 0 0 0 0 0 0 0 0 0
0 0 0 0 0 0 0 0 0 0 0 0 0 0 0 0 0 0 0 0
##$PLWMAX= (0..7)
94.6 0 0 0 0 0 0 0
##$PQPHASE= 0
##$PQSCALE= 1
##$PR= 1
##$PRECHAN= (0..15)
-1 4 0 1 5 -1 -1 -1 -1 -1 -1 -1 -1 -1 -1 -1
##$PRGAIN= 0
##$PROBHD= <Z125048_0006 (CP TCI 700S3 H-C/N-D-01.7 Z)>
##$PROBINPUTS= (0..15)
<1H> <13C> <15N> <2H> <> <> <> <> <> <> <> <> <> <> <> <>
##$PULPROG= <zg30>
##$PW= 0
##$PYNM= <>
##$ProjAngle= 0
##$QNP= 0
##$RD= 0
##$RECCHAN= (0..15)
0 2 0 0 0 0 0 0 0 0 0 0 0 0 0 0
##$RECPH= 0
##$RECPRE= (0..15)
-1 0 -1 -1 -1 -1 -1 -1 -1 -1 -1 -1 -1 -1 -1 -1
##$RECPRFX= (0..15)
1 0 0 0 0 0 0 0 0 0 0 0 0 0 0 0
##$RECSEL= (0..15)
0 0 1 0 0 0 0 0 0 0 0 0 0 0 0 0
##$RG= 56.32
##$RO= 0
##$RSEL= (0..15)
0 0 2 0 0 0 0 0 0 0 0 0 0 0 0 0
##$S= (0..7)
83 83 83 83 83 83 83 83
##$SELREC= (0..9)
0 0 0 0 0 0 0 0 0 0
##$SFO1= 700.0528002
##$SFO2= 700.054322808
##$SFO3= 700.054322808
##$SFO4= 700.054322808
##$SFO5= 700.054322808
##$SFO6= 700.054322808
##$SFO7= 700.054322808
##$SFO8= 700.054322808
##$SOLVENT= <CDCl3>
##$SOLVOLD= <off>
##$SP= (0..63)
120 120 120 120 120 120 120 120 120 120 120 120 120 120 120 120 120 120
120 120 120 120 120 120 120 120 120 120 120 120 120 120 120 120 120 120
120 120 120 120 120 120 120 120 120 120 120 120 120 120 120 120 120 120
120 120 120 120 120 120 120 120 120 120
##$SPECTR= 0
##$SPINCNT= 0
##$SPNAM= (0..63)
<> <Gaus1_270.1000> <Gaus1_180r.1000> <> <> <Sinc1.1000> <Squa100.1000>
<> <Squa100.1000> <> <Sinc1.1000> <Sinc1.1000> <> <> <> <> <> <> <> <Sinc1.1000>
<Sinc1.1000> <Sinc1.1000> <Sinc1.1000> <> <> <> <> <> <> <Crp60,20,20.10>
<Bip720,50,20.1> <> <> <> <Rsnob.1000> <Gaus1_180r.1000> <Gaus1_180r.1000>
<> <> <> <Gaus1_180r.1000> <Squa100.1000> <> <> <> <> <> <> <> <> <> <>
<> <> <> <> <> <> <> <> <> <> <> <>
##$SPOAL= (0..63)
0.5 1 0.5 0.5 0.5 0.5 0.5 0.5 0.5 0.5 0.5 0.5 0.5 0.5 0.5 0.5 0.5 0.5 0.5
1 1 1 1 0.5 0.5 0.5 0.5 0.5 0.5 0.5 0.5 0.5 0.5 0.5 0.5 0.5 0.5 0.5 0.5
0.5 0.5 0.5 0.5 0.5 0.5 0.5 0.5 0.5 0.5 0.5 0.5 0.5 0.5 0.5 0.5 0.5 0.5
0.5 0.5 0.5 0.5 0.5 0.5 0.5
##$SPOFFS= (0..63)
0 0 0 0 0 0 0 0 0 0 0 0 0 0 0 0 0 0 0 0 0 0 0 0 0 0 0 0 0 0 0 0 0 0 0 0
0 0 0 0 0 0 0 0 0 0 0 0 0 0 0 0 0 0 0 0 0 0 0 0 0 0 0 0
##$SPPEX= (0..63)
0 0 0 0 0 0 0 0 0 0 0 0 0 0 0 0 0 0 0 0 0 0 0 0 0 0 0 0 0 0 0 0 0 0 0 0
0 0 0 0 0 0 0 0 0 0 0 0 0 0 0 0 0 0 0 0 0 0 0 0 0 0 0 0
##$SPW= (0..63)
0 2.0852e-07 9.2676e-08 0 0 7.2428e-05 1.0047e-06 0 2.5118e-09 0 7.2428e-05
7.2428e-05 0 0 0 0 0 0 0 1.479342e-07 2.299589e-07 1.073745e-07 5.790619e-07
0 0 0 0 0 0 0.00095945 0.054977 0 0 0 1.0132e-06 9.2676e-08 5.9313e-06
0 0 0 9.2676e-08 2.5118e-09 0 0 0 0 0 0 0 0 0 0 0 0 0 0 0 0 0 0 0 0 0 0
##$SUBNAM= (0..9)
<> <> <> <> <> <> <> <> <> <>
##$SW= 15.0048706007194
##$SWIBOX= (0..19)
0 0 2 0 0 0 0 0 0 0 0 0 0 0 0 0 0 0 0 0
##$SW_h= 10504.2016806723
##$SWfinal= 0
##$SigLockShift= 0
##$TD= 65536
##$TD0= 1
##$TD_INDIRECT= (0..7)
0 0 0 0 0 0 0 0
##$TDav= 1
##$TE= 297.999
##$TE1= 299.9619
##$TE2= 0
##$TE3= 0
##$TE4= 0
##$TEG= 300
##$TE_MAGNET= 0
##$TE_PIDX= 1
##$TE_STAB= (0..9)
2 2 0 0 0 0 0 0 0 0
##$TL= (0..7)
120 120 120 120 120 120 120 120
##$TOTROT= (0..63)
0 0 0 0 0 0 0 0 0 0 0 0 0 0 0 0 0 0 0 0 0 0 0 0 0 0 0 0 0 0 0 0 0 0 0 0
0 0 0 0 0 0 0 0 0 0 0 0 0 0 0 0 0 0 0 0 0 0 0 0 0 0 0 0
##$TUBE_TYPE= <>
##$USERA1= <>
##$USERA2= <>
##$USERA3= <>
##$USERA4= <>
##$USERA5= <>
##$V9= 5
##$VALIDCODE= -1
##$VALIST= <>
##$VCLIST= <>
##$VDLIST= <>
##$VPLIST= <>
##$VTLIST= <>
##$WBST= 1024
##$WBSW= 4
##$XGAIN= (0..3)
0 0 0 0
##$XL= 0
##$YL= 0
##$YMAX_a= 1171156
##$YMIN_a= -1251550
##$ZGOPTNS= <>
##$ZL1= 120
##$ZL2= 120
##$ZL3= 120
##$ZL4= 120
##$scaledByNS= no
##$scaledByRG= no
##END=
