##TITLE= Parameter file, TopSpin 4.1.3
##JCAMPDX= 5.0
##DATATYPE= Parameter Values
##NPOINTS= 3	$$ modification sequence number
##ORIGIN= Bruker BioSpin GmbH
##OWNER= nmrsu
$$ 2026-05-05 15:54:45.267 +0100  nmrsu@CZC1087C56
$$ D:/data/2026/cb/ga/Vinpocetine/11/pdata/1/clevels
$$ process C:\Bruker\TopSpin4.1.3\prog\mod\proc2d.exe
##$LEVELS= (0..255)
357880320 526770019.19 775361587.7 1141267668.58 1679850939.23 2472600649.02
3639462184.86 5356985164.7 7885035919.37 11606116040.7 17083236009.01 25145100351.93
37011493102.07 54477834746.03 80186834679.45 118028340991.99 0 0 0 0 0
0 0 0 0 0 0 0 0 0 0 0 0 0 0 0 0 0 0 0 0 0 0 0 0 0 0 0 0 0 0 0 0 0 0 0 0
0 0 0 0 0 0 0 0 0 0 0 0 0 0 0 0 0 0 0 0 0 0 0 0 0 0 0 0 0 0 0 0 0 0 0 0
0 0 0 0 0 0 0 0 0 0 0 0 0 0 0 0 0 0 0 0 0 0 0 0 0 0 0 0 0 0 0 0 0 0 0 0
0 0 0 0 0 0 0 0 0 0 0 0 0 0 0 0 0 0 0 0 0 0 0 0 0 0 0 0 0 0 0 0 0 0 0 0
0 0 0 0 0 0 0 0 0 0 0 0 0 0 0 0 0 0 0 0 0 0 0 0 0 0 0 0 0 0 0 0 0 0 0 0
0 0 0 0 0 0 0 0 0 0 0 0 0 0 0 0 0 0 0 0 0 0 0 0 0 0 0 0 0 0 0 0 0 0 0 0
0 0 0 0 0 0 0 0 0 0 0 0 0 0 0 0 0 0 0
##$LEVSIGN= 1
##$MAXLEV= 16
##$METHOD= 0
##$NEGBASE= -357880320
##$NEGINCR= 1.8
##$POSBASE= 357880320
##$POSINCR= 1.8
##END=
