##TITLE= Parameter file, TopSpin 4.1.3
##JCAMPDX= 5.0
##DATATYPE= Parameter Values
##NPOINTS= 1	$$ modification sequence number
##ORIGIN= Bruker BioSpin GmbH
##OWNER= nmrsu
$$ 2026-05-12 16:51:27.240 +0100  nmrsu@CZC1087C56
$$ D:\data\2026\va\rc\exp_dataset\run_1/132-32-1 (4294)/12/pdata/1/clevels
$$ process C:\Bruker\TopSpin4.1.3\prog\mod\edparproc.exe
##$LEVELS= (0..255)
294698880 411465744.01 574498479.58 802128750.32 1119951670.81 1563703762.59
2183281226.21 3048350350.46 4256180902.22 5942583295.8 8297179334.91 11584723593.91
16174872848.98 22583750881.9 31531982270.14 44025720576 0 0 0 0 0 0 0 0
0 0 0 0 0 0 0 0 0 0 0 0 0 0 0 0 0 0 0 0 0 0 0 0 0 0 0 0 0 0 0 0 0 0 0 0
0 0 0 0 0 0 0 0 0 0 0 0 0 0 0 0 0 0 0 0 0 0 0 0 0 0 0 0 0 0 0 0 0 0 0 0
0 0 0 0 0 0 0 0 0 0 0 0 0 0 0 0 0 0 0 0 0 0 0 0 0 0 0 0 0 0 0 0 0 0 0 0
0 0 0 0 0 0 0 0 0 0 0 0 0 0 0 0 0 0 0 0 0 0 0 0 0 0 0 0 0 0 0 0 0 0 0 0
0 0 0 0 0 0 0 0 0 0 0 0 0 0 0 0 0 0 0 0 0 0 0 0 0 0 0 0 0 0 0 0 0 0 0 0
0 0 0 0 0 0 0 0 0 0 0 0 0 0 0 0 0 0 0 0 0 0 0 0 0 0 0 0 0 0 0 0 0 0 0 0
0 0 0 0 0 0 0 0 0 0 0 0 0 0 0 0
##$LEVSIGN= 1
##$MAXLEV= 16
##$METHOD= 0
##$NEGBASE= -294698880
##$NEGINCR= 1.8
##$POSBASE= 294698880
##$POSINCR= 1.8
##END=
