##TITLE= Parameter file, TopSpin 3.6.1
##JCAMPDX= 5.0
##DATATYPE= Parameter Values
##NPOINTS= 11	$$ modification sequence number
##ORIGIN= Bruker BioSpin GmbH
##OWNER= nmrsu
$$ 2026-05-15 12:21:13.997 +0200  nmrsu@CZC4323K67
$$ /home/data/2026/cb/mx23826/10177/10/acqus
$$ process /opt/topspin3.6.1/prog/mod/go4
##$ACQT0= 1000000
##$AMP= (0..31)
100 100 100 100 100 100 100 100 100 100 100 100 100 100 100 100 100 100
100 100 100 100 100 100 100 100 100 100 100 100 100 100
##$AMPCOIL= (0..19)
-1 0 0 0 0 0 0 0 0 0 0 0 0 0 0 0 0 0 0 0
##$ANAVPT= -1
##$AQSEQ= 0
##$AQ_mod= 3
##$AUNM= <au_getlinv>
##$AUTOPOS= <>
##$BF1= 700.05
##$BF2= 70.935450457
##$BF3= 700.05
##$BF4= 700.05
##$BF5= 700.05
##$BF6= 700.05
##$BF7= 700.05
##$BF8= 700.05
##$BWFAC= (0..63)
0 0 0 0 0 0 0 0 0 0 0 0 0 0 0 0 0 0 0 0 0 0 0 0 0 0 0 0 0 0 0 0 0 0 0 0
0 0 0 0 0 0 0 0 0 0 0 0 0 0 0 0 0 0 0 0 0 0 0 0 0 0 0 0
##$BYTORDA= 0
##$CAGPARS= (0..11)
0 0 0 0 0 0 0 0 0 0 0 0
##$CHEMSTR= <none>
##$CNST= (0..63)
1 1 90 1 1 1 1 1 1 1 1 1 1 5 1 1 1 1 1 1 1 1 1 1 1 1 1 1 1 1 1 1 1 1 1
1 1 1 1 1 1 1 1 1 1 1 1 1 1 1 1 1 1 1 1 1 1 1 1 1 1 1 1 1
##$CPDPRG= (0..8)
<> <> <> <> <> <> <> <> <>
##$D= (0..63)
3e-06 1 0.005555556 0 0 0 0.1 0 0 0 0 0 0 0 0 0 0.0002 0 0 0 0 0 0 0 0
0 0 0 0 0 0 0 0 0 0 0 0 0 0 0 0 0 0 0 0 0 0 0 0 0 0 0 0 0 0 0 0 0 0 0 0
0 0 0
##$DATE= 1778838029
##$DE= 55
##$DECBNUC= <off>
##$DECIM= 1904
##$DECNUC= <off>
##$DECSTAT= 4
##$DIGMOD= 1
##$DIGTYP= 12
##$DQDMODE= 0
##$DR= 22
##$DS= 8
##$DSPFIRM= 0
##$DSPFVS= 20
##$DTYPA= 0
##$EXP= <CMCse_15NHMBCf2>
##$FCUCHAN= (0..9)
0 2 1 0 0 0 0 0 0 0
##$FL1= 0
##$FL2= 0
##$FL3= 0
##$FL4= 0
##$FN_INDIRECT= (0..7)
0 0 0 0 0 0 0 0
##$FOV= 0
##$FQ1LIST= <>
##$FQ2LIST= <>
##$FQ3LIST= <>
##$FQ4LIST= <>
##$FQ5LIST= <>
##$FQ6LIST= <>
##$FQ7LIST= <>
##$FQ8LIST= <>
##$FRQLO3= 25324.8000000715
##$FRQLO3N= 2
##$FS= (0..7)
83 83 83 83 83 83 83 83
##$FTLPGN= 0
##$FW= 4032000
##$FnILOOP= 0
##$FnMODE= 0
##$FnTYPE= 2
##$GPNAM= (0..31)
<> <SMSQ10.100> <SMSQ10.100> <SMSQ10.100> <> <> <> <> <> <> <> <> <> <>
<> <> <> <> <> <> <> <> <> <> <> <> <> <> <> <> <> <>
##$GPX= (0..31)
0 0 0 0 0 0 0 0 0 0 0 0 0 0 0 0 0 0 0 0 0 0 0 0 0 0 0 0 0 0 0 0
##$GPY= (0..31)
0 0 0 0 0 0 0 0 0 0 0 0 0 0 0 0 0 0 0 0 0 0 0 0 0 0 0 0 0 0 0 0
##$GPZ= (0..31)
0 70 30 50.1 0 0 0 0 0 0 0 0 0 0 0 0 0 0 0 0 0 0 0 0 0 0 0 0 0 0 0 0
##$GRDPROG= <grad_out>
##$GRPDLY= 67.9868774414062
##$HDDUTY= 20
##$HDRATE= 20
##$HGAIN= (0..3)
0 0 0 0
##$HL1= 0
##$HL2= 0
##$HL3= 0
##$HL4= 0
##$HOLDER= 0
##$HPMOD= (0..7)
0 0 0 0 0 0 0 0
##$HPPRGN= 0
##$IN= (0..63)
2.01e-05 0 0 0 0 0 0 0 0 0 0 0 0 0 0 0 0 0 0 0 0 0 0 0 0 0 0 0 0 0 0 0
0 0 0 0 0 0 0 0 0 0 0 0 0 0 0 0 0 0 0 0 0 0 0 0 0 0 0 0 0 0 0 0
##$INF= (0..7)
0 40.2 0 0 0 0 0 0
##$INP= (0..63)
0 0 0 0 0 0 0 0 0 0 0 0 0 0 0 0 0 0 0 0 0 0 0 0 0 0 0 0 0 0 0 0 0 0 0 0
0 0 0 0 0 0 0 0 0 0 0 0 0 0 0 0 0 0 0 0 0 0 0 0 0 0 0 0
##$INSTRUM= <spect>
##$INTEGFAC= (0..63)
0 0 0 0 0 0 0 0 0 0 0 0 0 0 0 0 0 0 0 0 0 0 0 0 0 0 0 0 0 0 0 0 0 0 0 0
0 0 0 0 0 0 0 0 0 0 0 0 0 0 0 0 0 0 0 0 0 0 0 0 0 0 0 0
##$L= (0..31)
1 1 1 1 1 1 1 1 1 1 1 1 1 1 1 1 1 1 1 1 1 1 1 1 1 1 1 1 1 1 1 1
##$LFILTER= 50
##$LGAIN= -9.39999961853027
##$LINPSTP= 0
##$LOCKED= yes
##$LOCKFLD= -4811
##$LOCKGN= 130.926361083984
##$LOCKPOW= -30
##$LOCKPPM= 7.23999977111816
##$LOCNUC= <2H>
##$LOCPHAS= 299.3788
##$LOCSHFT= yes
##$LOCSW= 0
##$LTIME= 0.46399998664856
##$MASR= 0
##$MASRLST= <masrlst>
##$MULEXPNO= (0..15)
0 0 0 0 0 0 0 0 0 0 0 0 0 0 0 0
##$NBL= 1
##$NC= -6
##$NLOGCH= 1
##$NOVFLW= 0
##$NS= 32
##$NUC1= <1H>
##$NUC2= <15N>
##$NUC3= <off>
##$NUC4= <off>
##$NUC5= <off>
##$NUC6= <off>
##$NUC7= <off>
##$NUC8= <off>
##$NUCLEUS= <off>
##$NUSLIST= <automatic>
##$NusAMOUNT= 50
##$NusFPNZ= no
##$NusJSP= 0
##$NusSEED= 54321
##$NusSPTYPE= 0
##$NusT2= 1
##$NusTD= 0
##$O1= 2800.2
##$O2= 12413.702
##$O3= 4410.315
##$O4= 4410.315
##$O5= 4410.315
##$O6= 4410.315
##$O7= 4410.315
##$O8= 4410.315
##$OVERFLW= 0
##$P= (0..63)
10 10 20 25 50 16.5 25 50 20000 129 258 80000 80000 1000 0 0 1000 2500
100000 600 2000 0 0 0 0 154 100000 10 0 1000 0 0 20000 0 0 0 0 0 0 0 2000
0 0 0 171 0 80000 46600 10000 0 80000 0 0 0 0 0 0 0 0 0 0 0 0 500
##$PACOIL= (0..15)
1 4 0 0 2 3 0 0 0 0 0 0 0 0 0 0
##$PAPS= 0
##$PARMODE= 1
##$PCPD= (0..9)
0 65 220 0 0 0 0 0 0 0
##$PEXSEL= (0..9)
1 1 1 1 1 1 1 1 1 1
##$PHCOR= (0..31)
0 0 0 0 0 0 0 0 0 0 0 0 0 0 0 0 0 0 0 0 0 0 0 0 0 0 0 0 0 0 0 0
##$PHLIST= <>
##$PHP= 1
##$PH_ref= 0
##$PL= (0..63)
120 120 120 120 120 120 120 120 120 120 120 120 120 120 120 120 120 120
120 120 120 120 120 120 120 120 120 120 120 120 120 120 120 120 120 120
120 120 120 120 120 120 120 120 120 120 120 120 120 120 120 120 120 120
120 120 120 120 120 120 120 120 120 120
##$PLSTEP= 0.1
##$PLSTRT= -6
##$PLW= (0..63)
0 0.22 240 0 0 0 0 0 0 8.8e-07 0.0352 0.0034375 3.0992 1.5609 0 9.0139
0 0 0.22 0.0052071 0 0 0 0 0 0 1.2245 0.0037106 0 0.0352 3.0992 12.397
3.52e-08 0 0 0 0 0 0 0 0 0 0 0 0 0 0 0 0 0 0 0 0 0 0 0 0 0 0 0 0 0 0 0
##$PLWMAX= (0..7)
94.6 504.4 0 0 0 0 0 0
##$PQPHASE= 0
##$PQSCALE= 1
##$PR= 1
##$PRECHAN= (0..15)
-1 4 0 1 5 -1 -1 -1 -1 -1 -1 -1 -1 -1 -1 -1
##$PRGAIN= 0
##$PROBHD= <Z125048_0006 (CP TCI 700S3 H-C/N-D-01.7 Z)>
##$PROBINPUTS= (0..15)
<1H> <13C> <15N> <2H> <> <> <> <> <> <> <> <> <> <> <> <>
##$PULPROG= <hmbcgplpndqf>
##$PW= 0
##$PYNM= <>
##$ProjAngle= 0
##$QNP= 0
##$RD= 0
##$RECCHAN= (0..15)
0 2 0 0 0 0 0 0 0 0 0 0 0 0 0 0
##$RECPH= 0
##$RECPRE= (0..15)
-1 0 -1 -1 -1 -1 -1 -1 -1 -1 -1 -1 -1 -1 -1 -1
##$RECPRFX= (0..15)
1 0 0 0 0 0 0 0 0 0 0 0 0 0 0 0
##$RECSEL= (0..15)
0 0 1 0 0 0 0 0 0 0 0 0 0 0 0 0
##$RG= 178.14
##$RO= 0
##$RSEL= (0..15)
0 4 2 0 0 0 0 0 0 0 0 0 0 0 0 0
##$S= (0..7)
83 83 83 83 83 83 83 83
##$SELREC= (0..9)
0 0 0 0 0 0 0 0 0 0
##$SFO1= 700.0528002
##$SFO2= 70.947864159
##$SFO3= 700.054410315
##$SFO4= 700.054410315
##$SFO5= 700.054410315
##$SFO6= 700.054410315
##$SFO7= 700.054410315
##$SFO8= 700.054410315
##$SOLVENT= <CDCl3>
##$SOLVOLD= <off>
##$SP= (0..63)
120 120 120 120 120 120 120 120 120 120 120 120 120 120 120 120 120 120
120 120 120 120 120 120 120 120 120 120 120 120 120 120 120 120 120 120
120 120 120 120 120 120 120 120 120 120 120 120 120 120 120 120 120 120
120 120 120 120 120 120 120 120 120 120
##$SPECTR= 0
##$SPINCNT= 0
##$SPNAM= (0..63)
<> <Gaus1_270.1000> <Gaus1_180r.1000> <0.0> <0.0> <Sinc1.1000> <Squa100.1000>
<0.0> <Squa100.1000> <> <Sinc1.1000> <Sinc1.1000> <> <> <0.0> <> <> <>
<0.0> <Sinc1.1000> <Sinc1.1000> <Sinc1.1000> <Sinc1.1000> <> <> <> <0.0>
<> <> <Crp60,20,20.10> <Bip720,50,20.1> <Bip720,50,20.1> <0.0> <> <Rsnob.1000>
<Gaus1_180r.1000> <Gaus1_180r.1000> <> <> <> <Gaus1_180r.1000> <Squa100.1000>
<> <> <> <> <> <> <> <> <> <> <> <> <> <> <> <> <> <> <> <> <> <>
##$SPOAL= (0..63)
0.5 1 0.5 0.5 0.5 0.5 0.5 0.5 0.5 0.5 0.5 0.5 0.5 0.5 0.5 0.5 0.5 0.5 0.5
1 1 1 1 0.5 0.5 0.5 0.5 0.5 0.5 0.5 0.5 0.5 0.5 0.5 0.5 0.5 0.5 0.5 0.5
0.5 0.5 0.5 0.5 0.5 0.5 0.5 0.5 0.5 0.5 0.5 0.5 0.5 0.5 0.5 0.5 0.5 0.5
0.5 0.5 0.5 0.5 0.5 0.5 0.5
##$SPOFFS= (0..63)
0 0 0 0 0 0 0 0 0 0 0 0 0 0 0 0 0 0 0 0 0 0 0 0 0 0 0 0 0 0 0 0 0 0 0 0
0 0 0 0 0 0 0 0 0 0 0 0 0 0 0 0 0 0 0 0 0 0 0 0 0 0 0 0
##$SPPEX= (0..63)
0 0 0 0 0 0 0 0 0 0 0 0 0 0 0 0 0 0 0 0 0 0 0 0 0 0 0 0 0 0 0 0 0 0 0 0
0 0 0 0 0 0 0 0 0 0 0 0 0 0 0 0 0 0 0 0 0 0 0 0 0 0 0 0
##$SPW= (0..63)
0 1.8263e-07 8.1171e-08 0 0 6.3437e-05 8.8e-07 0 2.2e-09 0 6.3437e-05 6.3437e-05
0 0 0 0 0 0 0 1.29568e-07 2.014093e-07 9.404387e-08 5.071708e-07 0 0 0
0 0 0 0.00084034 0.048152 38.4 0 0 8.874e-07 8.1171e-08 5.1949e-06 0 0
0 8.1171e-08 2.2e-09 0 0 0 0 0 0 0 0 0 0 0 0 0 0 0 0 0 0 0 0 0 0
##$SUBNAM= (0..9)
<> <> <> <> <> <> <> <> <> <>
##$SW= 15.0048706007194
##$SWIBOX= (0..19)
0 0 2 0 4 0 0 0 0 0 0 0 0 0 0 0 0 0 0 0
##$SW_h= 10504.2016806723
##$SWfinal= 0
##$SigLockShift= 0
##$TD= 2048
##$TD0= 1
##$TD_INDIRECT= (0..7)
0 128 0 0 0 0 0 0
##$TDav= 1
##$TE= 298
##$TE1= 299.9629
##$TE2= 0
##$TE3= 0
##$TE4= 0
##$TEG= 300
##$TE_MAGNET= 0
##$TE_PIDX= 1
##$TE_STAB= (0..9)
2 2 0 0 0 0 0 0 0 0
##$TL= (0..7)
120 120 120 120 120 120 120 120
##$TOTROT= (0..63)
0 0 0 0 0 0 0 0 0 0 0 0 0 0 0 0 0 0 0 0 0 0 0 0 0 0 0 0 0 0 0 0 0 0 0 0
0 0 0 0 0 0 0 0 0 0 0 0 0 0 0 0 0 0 0 0 0 0 0 0 0 0 0 0
##$TUBE_TYPE= <>
##$USERA1= <>
##$USERA2= <>
##$USERA3= <>
##$USERA4= <>
##$USERA5= <>
##$V9= 5
##$VALIDCODE= -1
##$VALIST= <>
##$VCLIST= <>
##$VDLIST= <>
##$VPLIST= <>
##$VTLIST= <>
##$WBST= 1024
##$WBSW= 4
##$XGAIN= (0..3)
0 0 0 0
##$XL= 0
##$YL= 0
##$YMAX_a= 15522
##$YMIN_a= -15938
##$ZGOPTNS= <>
##$ZL1= 120
##$ZL2= 120
##$ZL3= 120
##$ZL4= 120
##$scaledByNS= no
##$scaledByRG= no
##END=
