##TITLE= Parameter file, TopSpin 4.1.3
##JCAMPDX= 5.0
##DATATYPE= Parameter Values
##NPOINTS= 2	$$ modification sequence number
##ORIGIN= Bruker BioSpin GmbH
##OWNER= nmrsu
$$ 2026-02-16 20:47:26.967 -0000  nmrsu@CZC1087C56
$$ D:\data\2026\cb\ga/(R)-(+)-N(1-phenylethyl)-succinamic acid/12/pdata/1/clevels
$$ process C:\Bruker\TopSpin4.1.3\prog\mod\proc2d.exe
##$LEVELS= (0..255)
522977280 769337713.49 1131751875.34 1664889534.05 2449173905.51 3602913404.6
5300148336.48 7796904680.77 11469815322.44 16872934698.73 24821317287.53
36513967658.2 53714708961.63 79018253667.77 116241613021.95 170999888895.99
0 0 0 0 0 0 0 0 0 0 0 0 0 0 0 0 0 0 0 0 0 0 0 0 0 0 0 0 0 0 0 0 0 0 0 0
0 0 0 0 0 0 0 0 0 0 0 0 0 0 0 0 0 0 0 0 0 0 0 0 0 0 0 0 0 0 0 0 0 0 0 0
0 0 0 0 0 0 0 0 0 0 0 0 0 0 0 0 0 0 0 0 0 0 0 0 0 0 0 0 0 0 0 0 0 0 0 0
0 0 0 0 0 0 0 0 0 0 0 0 0 0 0 0 0 0 0 0 0 0 0 0 0 0 0 0 0 0 0 0 0 0 0 0
0 0 0 0 0 0 0 0 0 0 0 0 0 0 0 0 0 0 0 0 0 0 0 0 0 0 0 0 0 0 0 0 0 0 0 0
0 0 0 0 0 0 0 0 0 0 0 0 0 0 0 0 0 0 0 0 0 0 0 0 0 0 0 0 0 0 0 0 0 0 0 0
0 0 0 0 0 0 0 0 0 0 0 0 0 0 0 0 0 0 0 0 0 0 0 0
##$LEVSIGN= 1
##$MAXLEV= 16
##$METHOD= 0
##$NEGBASE= -522977280
##$NEGINCR= 1.8
##$POSBASE= 522977280
##$POSINCR= 1.8
##END=
