##TITLE= Parameter file, TopSpin 3.6.1
##JCAMPDX= 5.0
##DATATYPE= Parameter Values
##NPOINTS= 17	$$ modification sequence number
##ORIGIN= Bruker BioSpin GmbH
##OWNER= nmrsu
$$ 2026-05-15 12:08:41.973 +0200  nmrsu@CZC4323K67
$$ /home/data/2026/cb/mx23826/10177/8/pdata/1/clevels
$$ process /opt/topspin3.6.1/prog/mod/dataserver
##$LEVELS= (0..255)
-658232.193517041 -365684.551953914 -203158.084418838 -112865.602454911
-62703.1124749506 -34835.0624860836 -19352.8124922686 -10751.5624957048
10751.5624957048 19352.8124922686 34835.0624860836 62703.1124749506 112865.602454911
203158.084418838 365684.551953914 658232.193517041 0 0 0 0 0 0 0 0 0 0
0 0 0 0 0 0 0 0 0 0 0 0 0 0 0 0 0 0 0 0 0 0 0 0 0 0 0 0 0 0 0 0 0 0 0 0
0 0 0 0 0 0 0 0 0 0 0 0 0 0 0 0 0 0 0 0 0 0 0 0 0 0 0 0 0 0 0 0 0 0 0 0
0 0 0 0 0 0 0 0 0 0 0 0 0 0 0 0 0 0 0 0 0 0 0 0 0 0 0 0 0 0 0 0 0 0 0 0
0 0 0 0 0 0 0 0 0 0 0 0 0 0 0 0 0 0 0 0 0 0 0 0 0 0 0 0 0 0 0 0 0 0 0 0
0 0 0 0 0 0 0 0 0 0 0 0 0 0 0 0 0 0 0 0 0 0 0 0 0 0 0 0 0 0 0 0 0 0 0 0
0 0 0 0 0 0 0 0 0 0 0 0 0 0 0 0 0 0 0 0 0 0 0 0 0 0 0 0 0 0 0 0 0 0 0 0
0 0 0 0 0 0 0 0 0 0 0 0 0 0
##$LEVSIGN= 3
##$MAXLEV= 8
##$METHOD= 0
##$NEGBASE= -1343.945312
##$NEGINCR= 1.8
##$POSBASE= 1343.945312
##$POSINCR= 1.8
##END=
