##TITLE= Parameter file, TopSpin 3.6.1
##JCAMPDX= 5.0
##DATATYPE= Parameter Values
##NPOINTS= 16	$$ modification sequence number
##ORIGIN= Bruker BioSpin GmbH
##OWNER= nmrsu
$$ 2026-05-15 12:08:29.214 +0200  nmrsu@CZC4323K67
$$ /home/data/2026/cb/mx23826/10177/10/pdata/1/clevels
$$ process /opt/topspin3.6.1/prog/mod/dataserver
##$LEVELS= (0..255)
-5560746.55425097 -3089303.64125054 -1716279.80069474 -953488.778163743
-529715.987868748 -294286.659927082 -163492.588848379 -90829.2160268772
90829.2160268772 163492.588848379 294286.659927082 529715.987868748 953488.778163743
1716279.80069474 3089303.64125054 5560746.55425097 0 0 0 0 0 0 0 0 0 0
0 0 0 0 0 0 0 0 0 0 0 0 0 0 0 0 0 0 0 0 0 0 0 0 0 0 0 0 0 0 0 0 0 0 0 0
0 0 0 0 0 0 0 0 0 0 0 0 0 0 0 0 0 0 0 0 0 0 0 0 0 0 0 0 0 0 0 0 0 0 0 0
0 0 0 0 0 0 0 0 0 0 0 0 0 0 0 0 0 0 0 0 0 0 0 0 0 0 0 0 0 0 0 0 0 0 0 0
0 0 0 0 0 0 0 0 0 0 0 0 0 0 0 0 0 0 0 0 0 0 0 0 0 0 0 0 0 0 0 0 0 0 0 0
0 0 0 0 0 0 0 0 0 0 0 0 0 0 0 0 0 0 0 0 0 0 0 0 0 0 0 0 0 0 0 0 0 0 0 0
0 0 0 0 0 0 0 0 0 0 0 0 0 0 0 0 0 0 0 0 0 0 0 0 0 0 0 0 0 0 0 0 0 0 0 0
0 0 0 0 0 0 0 0 0 0 0 0 0 0
##$LEVSIGN= 3
##$MAXLEV= 8
##$METHOD= 0
##$NEGBASE= -13501.843744
##$NEGINCR= 1.8
##$POSBASE= 13501.843744
##$POSINCR= 1.8
##END=
