##TITLE= wurst-80, 1.0000ms, 0.043507 W
##JCAMP-DX= 5.00 Bruker JCAMP library 
##DATA TYPE= Shape Data 
##ORIGIN= Bruker BioSpin GmbH 
##OWNER= <WaveMaker> 
##DATE= Jun 28 2021 
##TIME= 15:57:51 
##$SHAPE_PARAMETERS= Type: wurst-80
##MINX= 0.000000 
##MAXX= 100.000000 
##MINY= 0.000000 
##MAXY= 44.100020 
##$SHAPE_EXMODE= Adiabatic
##$SHAPE_TOTROT= 180.00 
##$SHAPE_TYPE= Inversion
##$SHAPE_USER_DEF= Tp=1000.0000 us, gB1max=1323.1 Hz, f1=-1500.0 Hz, f2=1500.0 Hz
##$SHAPE_REPHFAC= 
##$SHAPE_BWFAC= 1.000 
##$SHAPE_BWFAC50= 
##$SHAPE_INTEGFAC= 0.377888 
##$SHAPE_MODE= 0 
##NPOINTS= 200 
##XYPOINTS= (XY..XY) 
0.000000e+00,  0.000000e+00 
9.919929e-01,  4.410002e+01 
3.909796e+00,  4.320914e+01 
8.584485e+00,  4.232734e+01 
1.475245e+01,  4.145463e+01 
2.207983e+01,  4.059102e+01 
3.019214e+01,  3.973650e+01 
3.870554e+01,  3.889106e+01 
4.725611e+01,  3.805472e+01 
5.552417e+01,  3.722747e+01 
6.325152e+01,  3.640931e+01 
7.025076e+01,  3.560024e+01 
7.640681e+01,  3.480026e+01 
8.167181e+01,  3.400937e+01 
8.605503e+01,  3.322757e+01 
8.960991e+01,  3.245486e+01 
9.242021e+01,  3.169125e+01 
9.458674e+01,  3.093672e+01 
9.621604e+01,  3.019128e+01 
9.741158e+01,  2.945494e+01 
9.826765e+01,  2.872768e+01 
9.886589e+01,  2.800952e+01 
9.927392e+01,  2.730045e+01 
9.954551e+01,  2.660046e+01 
9.972193e+01,  2.590957e+01 
9.983375e+01,  2.522777e+01 
9.990291e+01,  2.455506e+01 
9.994462e+01,  2.389144e+01 
9.996917e+01,  2.323691e+01 
9.998325e+01,  2.259147e+01 
9.999112e+01,  2.195513e+01 
9.999541e+01,  2.132787e+01 
9.999769e+01,  2.070970e+01 
9.999886e+01,  2.010063e+01 
9.999946e+01,  1.950064e+01 
9.999975e+01,  1.890975e+01 
9.999989e+01,  1.832795e+01 
9.999995e+01,  1.775523e+01 
9.999998e+01,  1.719161e+01 
9.999999e+01,  1.663708e+01 
1.000000e+02,  1.609164e+01 
1.000000e+02,  1.555529e+01 
1.000000e+02,  1.502803e+01 
1.000000e+02,  1.450986e+01 
1.000000e+02,  1.400078e+01 
1.000000e+02,  1.350080e+01 
1.000000e+02,  1.300990e+01 
1.000000e+02,  1.252809e+01 
1.000000e+02,  1.205538e+01 
1.000000e+02,  1.159175e+01 
1.000000e+02,  1.113722e+01 
1.000000e+02,  1.069178e+01 
1.000000e+02,  1.025542e+01 
1.000000e+02,  9.828160e+00 
1.000000e+02,  9.409990e+00 
1.000000e+02,  9.000910e+00 
1.000000e+02,  8.600920e+00 
1.000000e+02,  8.210020e+00 
1.000000e+02,  7.828210e+00 
1.000000e+02,  7.455490e+00 
1.000000e+02,  7.091870e+00 
1.000000e+02,  6.737330e+00 
1.000000e+02,  6.391880e+00 
1.000000e+02,  6.055530e+00 
1.000000e+02,  5.728260e+00 
1.000000e+02,  5.410090e+00 
1.000000e+02,  5.101010e+00 
1.000000e+02,  4.801020e+00 
1.000000e+02,  4.510110e+00 
1.000000e+02,  4.228300e+00 
1.000000e+02,  3.955580e+00 
1.000000e+02,  3.691950e+00 
1.000000e+02,  3.437410e+00 
1.000000e+02,  3.191960e+00 
1.000000e+02,  2.955610e+00 
1.000000e+02,  2.728340e+00 
1.000000e+02,  2.510160e+00 
1.000000e+02,  2.301080e+00 
1.000000e+02,  2.101080e+00 
1.000000e+02,  1.910180e+00 
1.000000e+02,  1.728370e+00 
1.000000e+02,  1.555640e+00 
1.000000e+02,  1.392010e+00 
1.000000e+02,  1.237470e+00 
1.000000e+02,  1.092020e+00 
1.000000e+02,  9.556600e-01 
1.000000e+02,  8.283900e-01 
1.000000e+02,  7.102100e-01 
1.000000e+02,  6.011200e-01 
1.000000e+02,  5.011200e-01 
1.000000e+02,  4.102200e-01 
1.000000e+02,  3.284000e-01 
1.000000e+02,  2.556800e-01 
1.000000e+02,  1.920400e-01 
1.000000e+02,  1.375000e-01 
1.000000e+02,  9.204000e-02 
1.000000e+02,  5.568000e-02 
1.000000e+02,  2.841000e-02 
1.000000e+02,  1.023000e-02 
1.000000e+02,  1.140000e-03 
1.000000e+02,  1.140000e-03 
1.000000e+02,  1.023000e-02 
1.000000e+02,  2.841000e-02 
1.000000e+02,  5.568000e-02 
1.000000e+02,  9.204000e-02 
1.000000e+02,  1.375000e-01 
1.000000e+02,  1.920400e-01 
1.000000e+02,  2.556800e-01 
1.000000e+02,  3.284000e-01 
1.000000e+02,  4.102200e-01 
1.000000e+02,  5.011200e-01 
1.000000e+02,  6.011200e-01 
1.000000e+02,  7.102100e-01 
1.000000e+02,  8.283900e-01 
1.000000e+02,  9.556600e-01 
1.000000e+02,  1.092020e+00 
1.000000e+02,  1.237470e+00 
1.000000e+02,  1.392010e+00 
1.000000e+02,  1.555640e+00 
1.000000e+02,  1.728370e+00 
1.000000e+02,  1.910180e+00 
1.000000e+02,  2.101080e+00 
1.000000e+02,  2.301080e+00 
1.000000e+02,  2.510160e+00 
1.000000e+02,  2.728340e+00 
1.000000e+02,  2.955610e+00 
1.000000e+02,  3.191960e+00 
1.000000e+02,  3.437410e+00 
1.000000e+02,  3.691950e+00 
1.000000e+02,  3.955580e+00 
1.000000e+02,  4.228300e+00 
1.000000e+02,  4.510110e+00 
1.000000e+02,  4.801020e+00 
1.000000e+02,  5.101010e+00 
1.000000e+02,  5.410090e+00 
1.000000e+02,  5.728260e+00 
1.000000e+02,  6.055530e+00 
1.000000e+02,  6.391880e+00 
1.000000e+02,  6.737330e+00 
1.000000e+02,  7.091870e+00 
1.000000e+02,  7.455490e+00 
1.000000e+02,  7.828210e+00 
1.000000e+02,  8.210020e+00 
1.000000e+02,  8.600920e+00 
1.000000e+02,  9.000910e+00 
1.000000e+02,  9.409990e+00 
1.000000e+02,  9.828160e+00 
1.000000e+02,  1.025542e+01 
1.000000e+02,  1.069178e+01 
1.000000e+02,  1.113722e+01 
1.000000e+02,  1.159175e+01 
1.000000e+02,  1.205538e+01 
1.000000e+02,  1.252809e+01 
1.000000e+02,  1.300990e+01 
1.000000e+02,  1.350080e+01 
1.000000e+02,  1.400078e+01 
1.000000e+02,  1.450986e+01 
1.000000e+02,  1.502803e+01 
1.000000e+02,  1.555529e+01 
1.000000e+02,  1.609164e+01 
9.999999e+01,  1.663708e+01 
9.999998e+01,  1.719161e+01 
9.999995e+01,  1.775523e+01 
9.999989e+01,  1.832795e+01 
9.999975e+01,  1.890975e+01 
9.999946e+01,  1.950064e+01 
9.999886e+01,  2.010063e+01 
9.999769e+01,  2.070970e+01 
9.999541e+01,  2.132787e+01 
9.999112e+01,  2.195513e+01 
9.998325e+01,  2.259147e+01 
9.996917e+01,  2.323691e+01 
9.994462e+01,  2.389144e+01 
9.990291e+01,  2.455506e+01 
9.983375e+01,  2.522777e+01 
9.972193e+01,  2.590957e+01 
9.954551e+01,  2.660046e+01 
9.927392e+01,  2.730045e+01 
9.886589e+01,  2.800952e+01 
9.826765e+01,  2.872768e+01 
9.741158e+01,  2.945494e+01 
9.621604e+01,  3.019128e+01 
9.458674e+01,  3.093672e+01 
9.242021e+01,  3.169125e+01 
8.960991e+01,  3.245486e+01 
8.605503e+01,  3.322757e+01 
8.167181e+01,  3.400937e+01 
7.640681e+01,  3.480026e+01 
7.025076e+01,  3.560024e+01 
6.325152e+01,  3.640931e+01 
5.552417e+01,  3.722747e+01 
4.725611e+01,  3.805472e+01 
3.870554e+01,  3.889106e+01 
3.019214e+01,  3.973650e+01 
2.207983e+01,  4.059102e+01 
1.475245e+01,  4.145463e+01 
8.584485e+00,  4.232734e+01 
3.909796e+00,  4.320914e+01 
9.919929e-01,  4.410002e+01 
0.000000e+00,  0.000000e+00 
##END 
