P 0
172.986399   172.669853
165.640075   165.261864
156.267037   155.958713
153.126247   152.604152
142.408918   142.125260
136.727541   136.271222
130.672065   130.219857
125.611447   125.212681
122.334994   122.047226
118.906436   118.359675
109.101744   108.752311
108.073999   107.778008
107.001033   106.404940
95.408064   95.087408
78.211828   77.722621
77.582848   76.793540
61.106034   60.649715
56.468846   56.082414
55.909753   55.457545
53.961148   53.673379
52.152316   51.626110
51.498670   51.099904
49.307516   48.744312
34.174993   33.809116
32.551155   32.189389
30.203785   29.139041
24.522408   24.164753
17.159640   16.662211
