##TITLE= Parameter file, TopSpin 4.1.3
##JCAMPDX= 5.0
##DATATYPE= Parameter Values
##NPOINTS= 1	$$ modification sequence number
##ORIGIN= Bruker BioSpin GmbH
##OWNER= nmrsu
$$ 2026-03-23 16:27:31.385 -0000  nmrsu@CZC1087C56
$$ D:\data\2026\va\rc/enoxolone/11/pdata/1/clevels
$$ process C:\Bruker\TopSpin4.1.3\prog\mod\edparproc.exe
##$LEVELS= (0..255)
-3780444016.88757 -2100246676.04866 -1166803708.91592 -648224282.731067
-360124601.517259 -200069223.065143 -111149568.369524 -61749760.2052913
61749760.2052913 111149568.369524 200069223.065143 360124601.517259 648224282.731067
1166803708.91592 2100246676.04866 3780444016.88757 0 0 0 0 0 0 0 0 0 0
0 0 0 0 0 0 0 0 0 0 0 0 0 0 0 0 0 0 0 0 0 0 0 0 0 0 0 0 0 0 0 0 0 0 0 0
0 0 0 0 0 0 0 0 0 0 0 0 0 0 0 0 0 0 0 0 0 0 0 0 0 0 0 0 0 0 0 0 0 0 0 0
0 0 0 0 0 0 0 0 0 0 0 0 0 0 0 0 0 0 0 0 0 0 0 0 0 0 0 0 0 0 0 0 0 0 0 0
0 0 0 0 0 0 0 0 0 0 0 0 0 0 0 0 0 0 0 0 0 0 0 0 0 0 0 0 0 0 0 0 0 0 0 0
0 0 0 0 0 0 0 0 0 0 0 0 0 0 0 0 0 0 0 0 0 0 0 0 0 0 0 0 0 0 0 0 0 0 0 0
0 0 0 0 0 0 0 0 0 0 0 0 0 0 0 0 0 0 0 0 0 0 0 0 0 0 0 0 0 0 0 0 0 0 0 0
0 0 0 0 0 0 0 0 0 0 0 0 0 0
##$LEVSIGN= 3
##$MAXLEV= 8
##$METHOD= 0
##$NEGBASE= -25962576
##$NEGINCR= 1.8
##$POSBASE= 25962576
##$POSINCR= 1.8
##END=
