O 600.403903
-22000000
-21921875
-21843750
-21765625
-21687500
-21609375
-21531250
-21453125
-21375000
-21296875
-21218750
-21140625
-21062500
-20984375
-20906250
-20828125
-20750000
-20671875
-20593750
-20515625
-20437500
-20359375
-20281250
-20203125
-20125000
-20046875
-19968750
-19890625
-19812500
-19734375
-19656250
-19578125
-19500000
-19421875
-19343750
-19265625
-19187500
-19109375
-19031250
-18953125
-18875000
-18796875
-18718750
-18640625
-18562500
-18484375
-18406250
-18328125
-18250000
-18171875
-18093750
-18015625
-17937500
-17859375
-17781250
-17703125
-17625000
-17546875
-17468750
-17390625
-17312500
-17234375
-17156250
-17078125
-17000000
-16921875
-16843750
-16765625
-16687500
-16609375
-16531250
-16453125
-16375000
-16296875
-16218750
-16140625
-16062500
-15984375
-15906250
-15828125
-15750000
-15671875
-15593750
-15515625
-15437500
-15359375
-15281250
-15203125
-15125000
-15046875
-14968750
-14890625
-14812500
-14734375
-14656250
-14578125
-14500000
-14421875
-14343750
-14265625
-14187500
-14109375
-14031250
-13953125
-13875000
-13796875
-13718750
-13640625
-13562500
-13484375
-13406250
-13328125
-13250000
-13171875
-13093750
-13015625
-12937500
-12859375
-12781250
-12703125
-12625000
-12546875
-12468750
-12390625
-12312500
-12234375
-12156250
-12078125
-12000000
-11921875
-11843750
-11765625
-11687500
-11609375
-11531250
-11453125
-11375000
-11296875
-11218750
-11140625
-11062500
-10984375
-10906250
-10828125
-10750000
-10671875
-10593750
-10515625
-10437500
-10359375
-10281250
-10203125
-10125000
-10046875
-9968750
-9890625
-9812500
-9734375
-9656250
-9578125
-9500000
-9421875
-9343750
-9265625
-9187500
-9109375
-9031250
-8953125
-8875000
-8796875
-8718750
-8640625
-8562500
-8484375
-8406250
-8328125
-8250000
-8171875
-8093750
-8015625
-7937500
-7859375
-7781250
-7703125
-7625000
-7546875
-7468750
-7390625
-7312500
-7234375
-7156250
-7078125
-7000000
-6921875
-6843750
-6765625
-6687500
-6609375
-6531250
-6453125
-6375000
-6296875
-6218750
-6140625
-6062500
-5984375
-5906250
-5828125
-5750000
-5671875
-5593750
-5515625
-5437500
-5359375
-5281250
-5203125
-5125000
-5046875
-4968750
-4890625
-4812500
-4734375
-4656250
-4578125
-4500000
-4421875
-4343750
-4265625
-4187500
-4109375
-4031250
-3953125
-3875000
-3796875
-3718750
-3640625
-3562500
-3484375
-3406250
-3328125
-3250000
-3171875
-3093750
-3015625
-2937500
-2859375
-2781250
-2703125
-2625000
-2546875
-2468750
-2390625
-2312500
-2234375
-2156250
-2078125
-2000000
-1992172
-1984344
-1976517
-1968689
-1960861
-1953033
-1945205
-1937378
-1929550
-1921722
-1913894
-1906067
-1898239
-1890411
-1882583
-1874755
-1866928
-1859100
-1851272
-1843444
-1835616
-1827789
-1819961
-1812133
-1804305
-1796477
-1788650
-1780822
-1772994
-1765166
-1757339
-1749511
-1741683
-1733855
-1726027
-1718200
-1710372
-1702544
-1694716
-1686888
-1679061
-1671233
-1663405
-1655577
-1647750
-1639922
-1632094
-1624266
-1616438
-1608611
-1600783
-1592955
-1585127
-1577299
-1569472
-1561644
-1553816
-1545988
-1538160
-1530333
-1522505
-1514677
-1506849
-1499022
-1491194
-1483366
-1475538
-1467710
-1459883
-1452055
-1444227
-1436399
-1428571
-1420744
-1412916
-1405088
-1397260
-1389432
-1381605
-1373777
-1365949
-1358121
-1350294
-1342466
-1334638
-1326810
-1318982
-1311155
-1303327
-1295499
-1287671
-1279843
-1272016
-1264188
-1256360
-1248532
-1240705
-1232877
-1225049
-1217221
-1209393
-1201566
-1193738
-1185910
-1178082
-1170254
-1162427
-1154599
-1146771
-1138943
-1131115
-1123288
-1115460
-1107632
-1099804
-1091977
-1084149
-1076321
-1068493
-1060665
-1052838
-1045010
-1037182
-1029354
-1021526
-1013699
-1005871
 -998043
 -990215
 -982387
 -974560
 -966732
 -958904
 -951076
 -943249
 -935421
 -927593
 -919765
 -911937
 -904110
 -896282
 -888454
 -880626
 -872798
 -864971
 -857143
 -849315
 -841487
 -833659
 -825832
 -818004
 -810176
 -802348
 -794521
 -786693
 -778865
 -771037
 -763209
 -755382
 -747554
 -739726
 -731898
 -724070
 -716243
 -708415
 -700587
 -692759
 -684932
 -677104
 -669276
 -661448
 -653620
 -645793
 -637965
 -630137
 -622309
 -614481
 -606654
 -598826
 -590998
 -583170
 -575342
 -567515
 -559687
 -551859
 -544031
 -536204
 -528376
 -520548
 -512720
 -504892
 -497065
 -489237
 -481409
 -473581
 -465753
 -457926
 -450098
 -442270
 -434442
 -426614
 -418787
 -410959
 -403131
 -395303
 -387476
 -379648
 -371820
 -363992
 -356164
 -348337
 -340509
 -332681
 -324853
 -317025
 -309198
 -301370
 -293542
 -285714
 -277886
 -270059
 -262231
 -254403
 -246575
 -238748
 -230920
 -223092
 -215264
 -207436
 -199609
 -191781
 -183953
 -176125
 -168297
 -160470
 -152642
 -144814
 -136986
 -129159
 -121331
 -113503
 -105675
  -97847
  -90020
  -82192
  -74364
  -66536
  -58708
  -50881
  -43053
  -35225
  -27397
  -19569
  -11742
   -3914
    3914
   11742
   19569
   27397
   35225
   43053
   50881
   58708
   66536
   74364
   82192
   90020
   97847
  105675
  113503
  121331
  129159
  136986
  144814
  152642
  160470
  168297
  176125
  183953
  191781
  199609
  207436
  215264
  223092
  230920
  238748
  246575
  254403
  262231
  270059
  277886
  285714
  293542
  301370
  309198
  317025
  324853
  332681
  340509
  348337
  356164
  363992
  371820
  379648
  387476
  395303
  403131
  410959
  418787
  426614
  434442
  442270
  450098
  457926
  465753
  473581
  481409
  489237
  497065
  504892
  512720
  520548
  528376
  536204
  544031
  551859
  559687
  567515
  575342
  583170
  590998
  598826
  606654
  614481
  622309
  630137
  637965
  645793
  653620
  661448
  669276
  677104
  684932
  692759
  700587
  708415
  716243
  724070
  731898
  739726
  747554
  755382
  763209
  771037
  778865
  786693
  794521
  802348
  810176
  818004
  825832
  833659
  841487
  849315
  857143
  864971
  872798
  880626
  888454
  896282
  904110
  911937
  919765
  927593
  935421
  943249
  951076
  958904
  966732
  974560
  982387
  990215
  998043
 1005871
 1013699
 1021526
 1029354
 1037182
 1045010
 1052838
 1060665
 1068493
 1076321
 1084149
 1091977
 1099804
 1107632
 1115460
 1123288
 1131115
 1138943
 1146771
 1154599
 1162427
 1170254
 1178082
 1185910
 1193738
 1201566
 1209393
 1217221
 1225049
 1232877
 1240705
 1248532
 1256360
 1264188
 1272016
 1279843
 1287671
 1295499
 1303327
 1311155
 1318982
 1326810
 1334638
 1342466
 1350294
 1358121
 1365949
 1373777
 1381605
 1389432
 1397260
 1405088
 1412916
 1420744
 1428571
 1436399
 1444227
 1452055
 1459883
 1467710
 1475538
 1483366
 1491194
 1499022
 1506849
 1514677
 1522505
 1530333
 1538160
 1545988
 1553816
 1561644
 1569472
 1577299
 1585127
 1592955
 1600783
 1608611
 1616438
 1624266
 1632094
 1639922
 1647750
 1655577
 1663405
 1671233
 1679061
 1686888
 1694716
 1702544
 1710372
 1718200
 1726027
 1733855
 1741683
 1749511
 1757339
 1765166
 1772994
 1780822
 1788650
 1796477
 1804305
 1812133
 1819961
 1827789
 1835616
 1843444
 1851272
 1859100
 1866928
 1874755
 1882583
 1890411
 1898239
 1906067
 1913894
 1921722
 1929550
 1937378
 1945205
 1953033
 1960861
 1968689
 1976517
 1984344
 1992172
 2000000
 2078125
 2156250
 2234375
 2312500
 2390625
 2468750
 2546875
 2625000
 2703125
 2781250
 2859375
 2937500
 3015625
 3093750
 3171875
 3250000
 3328125
 3406250
 3484375
 3562500
 3640625
 3718750
 3796875
 3875000
 3953125
 4031250
 4109375
 4187500
 4265625
 4343750
 4421875
 4500000
 4578125
 4656250
 4734375
 4812500
 4890625
 4968750
 5046875
 5125000
 5203125
 5281250
 5359375
 5437500
 5515625
 5593750
 5671875
 5750000
 5828125
 5906250
 5984375
 6062500
 6140625
 6218750
 6296875
 6375000
 6453125
 6531250
 6609375
 6687500
 6765625
 6843750
 6921875
 7000000
 7078125
 7156250
 7234375
 7312500
 7390625
 7468750
 7546875
 7625000
 7703125
 7781250
 7859375
 7937500
 8015625
 8093750
 8171875
 8250000
 8328125
 8406250
 8484375
 8562500
 8640625
 8718750
 8796875
 8875000
 8953125
 9031250
 9109375
 9187500
 9265625
 9343750
 9421875
 9500000
 9578125
 9656250
 9734375
 9812500
 9890625
 9968750
10046875
10125000
10203125
10281250
10359375
10437500
10515625
10593750
10671875
10750000
10828125
10906250
10984375
11062500
11140625
11218750
11296875
11375000
11453125
11531250
11609375
11687500
11765625
11843750
11921875
12000000
12078125
12156250
12234375
12312500
12390625
12468750
12546875
12625000
12703125
12781250
12859375
12937500
13015625
13093750
13171875
13250000
13328125
13406250
13484375
13562500
13640625
13718750
13796875
13875000
13953125
14031250
14109375
14187500
14265625
14343750
14421875
14500000
14578125
14656250
14734375
14812500
14890625
14968750
15046875
15125000
15203125
15281250
15359375
15437500
15515625
15593750
15671875
15750000
15828125
15906250
15984375
16062500
16140625
16218750
16296875
16375000
16453125
16531250
16609375
16687500
16765625
16843750
16921875
17000000
17078125
17156250
17234375
17312500
17390625
17468750
17546875
17625000
17703125
17781250
17859375
17937500
18015625
18093750
18171875
18250000
18328125
18406250
18484375
18562500
18640625
18718750
18796875
18875000
18953125
19031250
19109375
19187500
19265625
19343750
19421875
19500000
19578125
19656250
19734375
19812500
19890625
19968750
20046875
20125000
20203125
20281250
20359375
20437500
20515625
20593750
20671875
20750000
20828125
20906250
20984375
21062500
21140625
21218750
21296875
21375000
21453125
21531250
21609375
21687500
21765625
21843750
21921875
22000000
