##TITLE= Parameter file, TopSpin 3.6.2
##JCAMPDX= 5.0
##DATATYPE= Parameter Values
##NPOINTS= 1	$$ modification sequence number
##ORIGIN= Bruker BioSpin GmbH
##OWNER= NMR Superuser
$$ 2026-04-13 20:03:25.870 +0100  NMR Superuser@CZC4030R51
$$ C:/Data/2026/va/rc/exp_dataset/run_1/nmrsu/513-36-0 (8486)/4/pdata/1/clevels
$$ process C:\Bruker\TopSpin3.6.2\prog\mod\xwish3.exe
##$LEVELS= (0..255)
-12171038.4064745 -6761688.00359698 -3756493.33533166 -2086940.74185092
-1159411.52325051 -644117.512916951 -357843.062731639 -198801.701517577
198801.701517577 357843.062731639 644117.512916951 1159411.52325051 2086940.74185092
3756493.33533166 6761688.00359698 12171038.4064745 0 0 0 0 0 0 0 0 0 0
0 0 0 0 0 0 0 0 0 0 0 0 0 0 0 0 0 0 0 0 0 0 0 0 0 0 0 0 0 0 0 0 0 0 0 0
0 0 0 0 0 0 0 0 0 0 0 0 0 0 0 0 0 0 0 0 0 0 0 0 0 0 0 0 0 0 0 0 0 0 0 0
0 0 0 0 0 0 0 0 0 0 0 0 0 0 0 0 0 0 0 0 0 0 0 0 0 0 0 0 0 0 0 0 0 0 0 0
0 0 0 0 0 0 0 0 0 0 0 0 0 0 0 0 0 0 0 0 0 0 0 0 0 0 0 0 0 0 0 0 0 0 0 0
0 0 0 0 0 0 0 0 0 0 0 0 0 0 0 0 0 0 0 0 0 0 0 0 0 0 0 0 0 0 0 0 0 0 0 0
0 0 0 0 0 0 0 0 0 0 0 0 0 0 0 0 0 0 0 0 0 0 0 0 0 0 0 0 0 0 0 0 0 0 0 0
0 0 0 0 0 0 0 0 0 0 0 0 0 0
##$LEVSIGN= 3
##$MAXLEV= 8
##$METHOD= 0
##$NEGBASE= -2249184.5
##$NEGINCR= 1.8
##$POSBASE= 2249184.5
##$POSINCR= 1.8
##END=
