##TITLE= Parameter file, TopSpin 4.1.3
##JCAMPDX= 5.0
##DATATYPE= Parameter Values
##NPOINTS= 8	$$ modification sequence number
##ORIGIN= Bruker BioSpin GmbH
##OWNER= nmrsu
$$ 2026-05-12 16:14:21.354 +0100  nmrsu@CZC1087C56
$$ D:/data/2026/va/rc/exp_dataset/run_1/109425-51-6 (1436)/11/pdata/1/clevels
$$ process C:\Bruker\TopSpin4.1.3\prog\mod\dataserver.exe
##$LEVELS= (0..255)
-1224733929.61536 -680407738.6752 -378004299.264 -210002388.48 -116667993.6
-64815552 -36008640 -20004800 20004800 36008640 64815552 116667993.6 210002388.48
378004299.264 680407738.6752 1224733929.61536 0 0 0 0 0 0 0 0 0 0 0 0 0
0 0 0 0 0 0 0 0 0 0 0 0 0 0 0 0 0 0 0 0 0 0 0 0 0 0 0 0 0 0 0 0 0 0 0 0
0 0 0 0 0 0 0 0 0 0 0 0 0 0 0 0 0 0 0 0 0 0 0 0 0 0 0 0 0 0 0 0 0 0 0 0
0 0 0 0 0 0 0 0 0 0 0 0 0 0 0 0 0 0 0 0 0 0 0 0 0 0 0 0 0 0 0 0 0 0 0 0
0 0 0 0 0 0 0 0 0 0 0 0 0 0 0 0 0 0 0 0 0 0 0 0 0 0 0 0 0 0 0 0 0 0 0 0
0 0 0 0 0 0 0 0 0 0 0 0 0 0 0 0 0 0 0 0 0 0 0 0 0 0 0 0 0 0 0 0 0 0 0 0
0 0 0 0 0 0 0 0 0 0 0 0 0 0 0 0 0 0 0 0 0 0 0 0 0 0 0 0 0 0 0 0 0 0 0 0
0 0 0 0 0 0 0 0 0 0 0
##$LEVSIGN= 3
##$MAXLEV= 8
##$METHOD= 0
##$NEGBASE= -20004800
##$NEGINCR= 1.8
##$POSBASE= 20004800
##$POSINCR= 1.8
##END=
