##TITLE= Parameter file, TopSpin 3.6.2
##JCAMPDX= 5.0
##DATATYPE= Parameter Values
##NPOINTS= 9	$$ modification sequence number
##ORIGIN= Bruker BioSpin GmbH
##OWNER= nmrsu
$$ 2026-04-20 14:57:45.121 +0100  nmrsu@CZC3047DVN
$$ C:/Data/2026/cb/ga/Brucine/11/pdata/1/clevels
$$ process C:\Bruker\TopSpin3.6.2\prog\mod\dataserver.exe
##$LEVELS= (0..255)
-74569087.3007495 -41427270.7226386 -23015150.4014659 -12786194.667481
-7103441.48193392 -3946356.37885218 -2192420.21047343 -1218011.22804079
1218011.22804079 2192420.21047343 3946356.37885218 7103441.48193392 12786194.667481
23015150.4014659 41427270.7226386 74569087.3007495 0 0 0 0 0 0 0 0 0 0
0 0 0 0 0 0 0 0 0 0 0 0 0 0 0 0 0 0 0 0 0 0 0 0 0 0 0 0 0 0 0 0 0 0 0 0
0 0 0 0 0 0 0 0 0 0 0 0 0 0 0 0 0 0 0 0 0 0 0 0 0 0 0 0 0 0 0 0 0 0 0 0
0 0 0 0 0 0 0 0 0 0 0 0 0 0 0 0 0 0 0 0 0 0 0 0 0 0 0 0 0 0 0 0 0 0 0 0
0 0 0 0 0 0 0 0 0 0 0 0 0 0 0 0 0 0 0 0 0 0 0 0 0 0 0 0 0 0 0 0 0 0 0 0
0 0 0 0 0 0 0 0 0 0 0 0 0 0 0 0 0 0 0 0 0 0 0 0 0 0 0 0 0 0 0 0 0 0 0 0
0 0 0 0 0 0 0 0 0 0 0 0 0 0 0 0 0 0 0 0 0 0 0 0 0 0 0 0 0 0 0 0 0 0 0 0
0 0 0 0 0 0 0 0 0 0 0 0 0 0
##$LEVSIGN= 3
##$MAXLEV= 8
##$METHOD= 0
##$NEGBASE= -3364.312496
##$NEGINCR= 1.8
##$POSBASE= 3364.312496
##$POSINCR= 1.8
##END=
