##TITLE= Parameter file, TopSpin 4.1.3
##JCAMPDX= 5.0
##DATATYPE= Parameter Values
##NPOINTS= 9	$$ modification sequence number
##ORIGIN= Bruker BioSpin GmbH
##OWNER= nmrsu
$$ 2026-05-12 15:23:55.426 +0100  nmrsu@CZC1087C56
$$ D:/data/2026/va/rc/exp_dataset/run_1/73286-71-2 (1512)/12/pdata/1/clevels
$$ process C:\Bruker\TopSpin4.1.3\prog\mod\dataserver.exe
##$LEVELS= (0..255)
73674720.0013486 102866436.004383 143624619.897629 200532187.583671 279987917.707625
390925940.654656 545820306.562491 762087587.62895 1064045225.57448 1485645823.97719
2074294833.76547 2896180898.53051 4043718212.31902 5645937720.57835 7882995567.67929
11006430144.2015 0 0 0 0 0 0 0 0 0 0 0 0 0 0 0 0 0 0 0 0 0 0 0 0 0 0 0
0 0 0 0 0 0 0 0 0 0 0 0 0 0 0 0 0 0 0 0 0 0 0 0 0 0 0 0 0 0 0 0 0 0 0 0
0 0 0 0 0 0 0 0 0 0 0 0 0 0 0 0 0 0 0 0 0 0 0 0 0 0 0 0 0 0 0 0 0 0 0 0
0 0 0 0 0 0 0 0 0 0 0 0 0 0 0 0 0 0 0 0 0 0 0 0 0 0 0 0 0 0 0 0 0 0 0 0
0 0 0 0 0 0 0 0 0 0 0 0 0 0 0 0 0 0 0 0 0 0 0 0 0 0 0 0 0 0 0 0 0 0 0 0
0 0 0 0 0 0 0 0 0 0 0 0 0 0 0 0 0 0 0 0 0 0 0 0 0 0 0 0 0 0 0 0 0 0 0 0
0 0 0 0 0 0 0 0 0 0 0 0 0 0 0 0 0 0 0 0 0 0 0 0 0 0 0 0 0 0 0 0 0
##$LEVSIGN= 1
##$MAXLEV= 16
##$METHOD= 0
##$NEGBASE= -294698880
##$NEGINCR= 1.8
##$POSBASE= 294698880
##$POSINCR= 1.8
##END=
