##TITLE= Parameter file, TopSpin 3.6.1
##JCAMPDX= 5.0
##DATATYPE= Parameter Values
##NPOINTS= 1	$$ modification sequence number
##ORIGIN= Bruker BioSpin GmbH
##OWNER= nmrsu
$$ 2026-05-14 13:54:15.478 +0200  nmrsu@CZC4323K67
$$ /home/data/2026/cb/mx23826/10177/6/pdata/1/clevels
$$ process /opt/topspin3.6.1/prog/mod/edparproc
##$LEVELS= (0..255)
-329116.096761532 -182842.27597863 -101579.042210349 -56432.8012279718
-31351.5562377623 -17417.5312432012 -9676.40624622289 -5375.78124790161
5375.78124790161 9676.40624622289 17417.5312432012 31351.5562377623 56432.8012279718
101579.042210349 182842.27597863 329116.096761532 0 0 0 0 0 0 0 0 0 0 0
0 0 0 0 0 0 0 0 0 0 0 0 0 0 0 0 0 0 0 0 0 0 0 0 0 0 0 0 0 0 0 0 0 0 0 0
0 0 0 0 0 0 0 0 0 0 0 0 0 0 0 0 0 0 0 0 0 0 0 0 0 0 0 0 0 0 0 0 0 0 0 0
0 0 0 0 0 0 0 0 0 0 0 0 0 0 0 0 0 0 0 0 0 0 0 0 0 0 0 0 0 0 0 0 0 0 0 0
0 0 0 0 0 0 0 0 0 0 0 0 0 0 0 0 0 0 0 0 0 0 0 0 0 0 0 0 0 0 0 0 0 0 0 0
0 0 0 0 0 0 0 0 0 0 0 0 0 0 0 0 0 0 0 0 0 0 0 0 0 0 0 0 0 0 0 0 0 0 0 0
0 0 0 0 0 0 0 0 0 0 0 0 0 0 0 0 0 0 0 0 0 0 0 0 0 0 0 0 0 0 0 0 0 0 0 0
0 0 0 0 0 0 0 0 0 0 0 0 0
##$LEVSIGN= 3
##$MAXLEV= 8
##$METHOD= 0
##$NEGBASE= -1343.945312
##$NEGINCR= 1.8
##$POSBASE= 1343.945312
##$POSINCR= 1.8
##END=
